0 189 0 456 372 189 27 164 325 2
1 191 19 169 332 186 0 461 371 2
2 189 21 177 330 183 0 463 374 2
3 180 0 470 371 188 21 176 333 2
4 378 0 264 353 184 0 468 373 195 21 165 337 3
5 179 0 472 367 193 23 168 332 2
6 179 0 471 372 191 24 169 334 2
7 180 0 470 369 188 28 165 329 2
8 178 0 473 364 188 26 170 329 2
9 187 25 171 328 179 0 466 358 2
10 187 30 167 322 184 0 455 359 2
11 186 31 161 323 197 0 431 365 2
12 238 0 381 357 182 30 158 327 2
13 184 33 150 320 195 0 425 360 2
14 185 33 146 321 229 0 371 353 2
15 183 32 149 324 227 0 375 356 2
16 182 36 152 316 235 0 355 354 2
17 183 36 151 316 252 0 329 353 2
18 176 36 158 316 270 0 298 355 2
19 175 36 164 314 278 0 284 360 2
20 181 36 151 312 288 0 262 355 2
21 179 33 156 316 303 4 233 347 2
22 160 25 153 333 311 0 218 353 2
23 181 30 149 328 321 5 204 348 2
24 183 28 151 330 326 4 196 354 2
25 330 5 191 353 1
26 158 24 156 340 339 5 181 354 2
27 154 29 163 330 339 6 181 353 2
28 134 202 190 158 171 27 171 331 351 9 165 353 3
29 137 210 180 148 169 27 177 334 347 12 173 352 3
30 145 32 181 324 338 11 187 353 2
31 142 35 183 320 342 14 225 348 2
32 144 33 176 325 337 14 236 349 2
33 142 31 178 330 332 18 242 345 2
34 145 218 163 142 152 28 157 333 328 15 212 343 3
35 146 254 165 107 152 26 156 334 324 21 218 334 3
36 142 224 179 134 153 28 153 332 344 24 223 332 3
37 146 224 175 136 346 31 219 320 155 25 151 336 3
38 148 228 165 131 156 24 146 334 342 31 226 323 3
39 155 28 151 333 341 32 230 322 2
40 156 27 152 335 340 37 230 314 2
41 153 22 163 340 340 34 227 317 2
42 155 18 161 344 306 31 248 319 2
43 164 18 185 342 316 32 235 321 2
44 165 215 196 145 316 32 233 324 2
45 173 22 178 340 170 223 190 137 305 34 243 321 3
46 311 34 234 321 1
47 304 36 245 316 1
48 170 231 194 126 304 38 247 312 2
49 170 18 193 337 171 231 212 126 306 36 245 314 3
50 172 223 209 135 165 18 210 338 321 33 221 318 3
51 164 17 217 337 172 223 217 135 325 35 209 318 3
52 165 21 216 333 168 222 229 137 323 39 206 313 3
53 170 23 204 330 167 222 226 137 321 39 214 316 3
54 175 26 194 324 165 222 229 137 317 39 228 312 3
55 164 220 227 138 174 26 197 325 314 34 235 315 3
56 164 219 222 140 170 24 205 327 310 34 242 315 3
57 175 30 196 320 308 38 244 309 2
58 164 221 225 139 171 29 208 321 305 38 249 309 3
59 164 221 224 139 171 28 206 324 309 38 242 312 3
60 162 219 227 141 169 27 207 328 312 39 236 310 3
61 163 219 228 141 168 28 207 324 316 38 227 312 3
62 167 219 209 141 170 31 198 319 318 38 227 313 3
63 167 218 205 142 171 31 189 319 318 36 225 314 3
64 166 217 208 142 171 29 188 319 318 29 223 323 3
65 164 217 204 143 171 30 184 317 319 31 223 321 3
66 165 217 203 143 171 29 184 317 320 25 222 329 3
67 165 217 209 143 169 27 189 318 318 24 225 328 3
68 169 26 190 322 164 217 210 143 320 26 221 327 3
69 170 28 185 320 164 216 204 144 319 30 223 324 3
70 164 219 202 141 172 26 181 325 316 27 225 325 3
71 168 24 192 327 165 217 205 142 320 28 218 324 3
72 165 219 198 138 171 25 183 324 316 29 225 323 3
73 164 222 192 136 172 27 177 322 317 25 221 330 3
74 164 221 196 137 169 25 183 325 318 23 217 332 3
75 163 225 192 132 171 25 179 323 316 21 217 335 3
76 163 227 190 130 171 28 178 318 319 18 208 338 3
77 163 226 187 130 170 29 178 315 320 17 200 342 3
78 161 226 191 131 169 29 180 317 316 17 203 341 3
79 162 227 190 130 173 31 176 315 317 17 200 343 3
80 162 228 189 129 173 31 176 314 318 17 195 343 3
81 172 26 178 322 160 229 191 126 321 17 188 339 3
82 176 30 177 316 162 229 192 126 324 17 182 338 3
83 165 219 191 141 166 26 189 333 338 19 166 342 3
84 170 223 184 136 166 21 189 339 339 17 160 344 3
85 178 229 173 130 173 24 178 335 339 15 153 345 3
86 180 228 172 130 174 24 177 338 339 16 150 345 3
87 189 230 161 128 182 24 169 339 336 14 153 345 3
88 195 253 157 105 334 11 155 351 185 23 166 337 3
89 333 8 156 355 195 230 158 129 186 22 167 338 3
90 203 254 151 105 335 11 150 349 195 23 156 335 3
91 209 253 145 107 201 22 150 333 335 16 147 341 3
92 204 20 149 336 332 15 147 343 214 251 141 109 3
93 331 12 151 348 218 252 137 108 2
94 208 23 146 331 327 15 155 342 221 253 135 107 3
95 211 26 139 330 314 20 143 337 234 238 139 119 3
96 231 234 115 126 1
97 240 237 133 119 1
98 245 234 131 122 1
99 248 235 132 120 1
100 251 236 131 120 1
101 258 237 90 123 1
102 258 232 133 123 1
103 0
104 0
105 0
106 0
107 0
108 0
109 0
110 0
111 0
112 0
113 0
114 0
115 0
116 0
117 0
118 0
119 0
120 0
121 0
122 0
123 0
124 0
125 0
126 0
127 0
128 0
129 0
130 0
131 0
132 0
133 0
134 0
135 0
136 0
137 0
138 0
139 0
140 0
141 0
142 0
143 0
144 0
145 0
146 0
147 0
148 0
149 0
150 0
151 0
152 0
153 0
154 0
155 0
156 0
157 0
158 0
159 0
160 0
161 0
162 0
163 0
164 0
165 0
166 0
167 0
168 50 115 244 247 1
169 490 65 147 294 51 125 257 241 2
170 45 130 271 233 1
171 413 72 228 281 55 131 300 228 2
172 386 73 255 282 44 125 315 235 2
173 38 73 564 296 315 59 316 306 50 116 309 243 3
174 41 108 293 256 312 62 305 295 2
175 66 110 275 246 309 39 289 319 2
176 75 103 260 253 284 33 302 328 2
177 78 90 255 269 288 22 296 345 2
178 80 85 259 274 302 17 294 350 2
179 85 84 255 273 298 19 303 345 2
180 89 77 249 283 298 21 304 340 2
181 85 75 254 284 293 15 312 345 2
182 87 69 248 291 275 10 322 347 2
183 84 66 245 292 276 5 318 352 2
184 86 63 237 295 281 0 312 353 2
185 78 60 260 299 281 0 312 351 2
186 79 37 255 322 277 0 321 352 2
187 83 40 244 317 284 0 325 356 2
188 84 40 242 317 275 0 327 351 2
189 84 41 244 314 285 0 324 355 2
190 84 41 244 316 271 0 332 351 2
191 85 42 244 314 277 0 322 351 2
192 90 42 236 314 293 0 307 354 2
193 89 43 241 310 296 0 305 355 2
194 91 42 242 312 297 0 307 359 2
195 93 42 242 311 296 0 315 360 2
196 95 43 238 311 296 0 316 357 2
197 96 42 237 312 299 0 317 358 2
198 99 43 233 310 301 0 313 357 2
199 101 46 231 305 301 0 315 360 2
200 100 44 231 310 304 0 316 360 2
201 102 44 230 310 303 0 318 364 2
202 105 44 226 311 308 0 314 360 2
203 105 44 226 310 306 0 317 359 2
204 107 44 222 310 307 0 318 359 2
205 107 43 221 313 307 0 320 357 2
206 110 44 215 312 305 0 325 355 2
207 110 44 217 312 306 0 324 354 2
208 111 45 217 310 307 0 326 353 2
209 111 44 218 311 309 0 324 353 2
210 112 45 219 310 308 0 327 353 2
211 112 46 221 308 307 0 329 354 2
212 111 46 221 308 306 0 331 353 2
213 111 45 220 310 308 0 329 352 2
214 111 45 223 310 310 0 326 354 2
215 110 44 226 310 311 0 326 354 2
216 111 45 225 310 311 0 326 355 2
217 109 44 227 312 311 0 325 359 2
218 108 42 230 314 311 0 326 357 2
219 107 41 231 317 312 0 325 357 2
220 108 41 229 318 312 0 325 357 2
221 107 40 231 318 310 0 326 359 2
222 107 42 231 314 310 0 327 357 2
223 106 43 233 313 309 0 328 355 2
224 106 45 233 310 310 0 328 357 2
225 106 43 238 312 312 0 326 357 2
226 102 42 243 314 312 0 325 359 2
227 101 40 249 318 309 0 329 358 2
228 105 44 245 309 305 0 330 356 2
229 105 43 249 310 307 0 327 355 2
230 102 43 260 311 308 0 327 355 2
231 101 43 262 310 309 0 327 354 2
232 99 44 269 308 311 0 324 354 2
233 101 44 266 309 310 0 324 353 2
234 104 45 261 308 306 0 329 354 2
235 104 45 261 308 306 0 328 354 2
236 103 43 266 311 307 0 327 355 2
237 102 44 267 310 304 0 329 354 2
238 115 63 276 292 302 0 331 354 2
239 114 63 276 291 299 0 333 356 2
240 114 64 277 290 297 0 336 356 2
241 104 56 263 305 298 0 334 357 2
242 104 56 262 305 298 0 335 356 2
243 105 57 258 303 298 0 336 356 2
244 105 57 258 303 298 0 336 358 2
245 105 57 259 304 300 0 334 355 2
246 113 58 229 304 338 6 286 339 2
247 117 58 223 303 337 7 290 338 2
248 119 58 221 304 339 5 287 341 2
249 118 59 222 303 338 5 289 343 2
250 119 58 222 304 340 3 286 347 2
251 123 57 219 306 342 3 285 346 2
252 125 57 222 305 341 2 286 349 2
253 128 55 222 309 342 1 286 352 2
254 128 55 221 310 343 1 285 352 2
255 130 53 220 313 343 1 284 352 2
256 129 55 222 309 344 0 281 351 2
257 128 54 222 310 344 1 282 353 2
258 128 54 223 311 344 1 282 353 2
259 128 53 225 313 346 3 278 350 2
260 127 53 226 312 346 3 278 353 2
261 126 53 229 313 347 2 278 354 2
262 122 52 235 315 346 2 280 356 2
263 120 53 235 313 345 3 283 355 2
264 113 56 239 308 344 4 283 351 2
265 108 57 243 308 343 2 284 355 2
266 105 56 244 309 342 1 284 355 2
267 105 57 242 305 341 1 284 349 2
268 106 54 244 309 328 2 294 347 2
269 117 45 240 304 325 1 292 349 2
270 129 46 221 307 219 0 407 356 2
271 138 46 200 306 236 0 391 359 2
272 143 42 187 312 242 0 378 347 2
273 140 48 188 322 287 0 329 355 2
274 148 49 211 299 291 0 322 353 2
275 144 38 184 318 292 0 321 353 2
276 144 38 184 317 290 0 323 354 2
277 145 37 183 319 294 2 318 353 2
278 145 36 184 319 294 2 319 351 2
279 144 37 187 319 292 2 319 354 2
280 143 37 186 319 289 2 324 356 2
281 178 63 180 293 231 19 373 336 2
282 178 63 180 293 233 18 371 337 2
283 178 63 181 293 234 17 368 338 2
284 178 64 180 292 235 17 368 338 2
285 178 64 181 292 229 17 376 339 2
286 178 64 183 292 230 16 376 340 2
287 178 63 183 293 230 16 377 338 2
288 180 66 171 288 235 16 376 342 2
289 179 65 174 289 225 16 390 338 2
290 177 64 182 292 235 11 380 338 2
291 175 62 190 294 235 14 381 332 2
292 173 59 198 300 241 11 378 334 2
293 168 59 199 301 299 2 317 348 2
294 164 63 210 293 299 0 322 355 2
295 159 61 208 295 297 0 331 354 2
296 154 60 206 297 311 0 320 352 2
297 152 59 202 297 308 0 327 354 2
298 148 53 186 311 315 0 317 356 2
299 134 53 207 312 326 0 309 353 2
300 121 54 223 310 328 0 308 351 2
301 116 55 231 306 328 0 307 348 2
302 112 55 233 307 337 0 295 349 2
303 109 55 235 308 339 1 292 350 2
304 108 55 239 309 338 0 296 352 2
305 107 57 238 304 354 0 280 361 2
306 108 58 239 303 355 0 280 362 2
307 107 57 240 305 355 0 280 358 2
308 109 57 236 305 355 0 279 359 2
309 109 57 236 306 356 0 278 358 2
310 118 51 240 317 301 4 343 352 2
311 118 50 239 318 300 5 344 352 2
312 128 58 248 303 301 5 343 351 2
313 127 57 251 303 298 5 349 350 2
314 121 44 271 311 300 6 349 350 2
315 123 57 264 302 299 7 351 347 2
316 307 9 342 345 121 57 271 301 2
317 121 59 272 298 308 7 341 351 2
318 308 7 340 352 122 60 270 297 2
319 123 59 268 298 309 7 340 351 2
320 123 60 269 295 313 4 334 357 2
321 124 59 264 298 306 3 342 354 2
322 127 58 253 300 302 2 347 354 2
323 119 52 236 314 301 0 345 355 2
324 119 52 236 314 302 0 343 353 2
325 117 50 240 316 300 1 343 352 2
326 300 3 344 349 115 50 246 316 2
327 115 50 247 317 297 0 347 355 2
328 115 51 245 315 295 1 351 351 2
329 117 51 242 315 298 1 349 355 2
330 124 46 260 307 297 1 350 353 2
331 124 49 259 303 295 1 350 353 2
332 126 57 254 301 296 1 351 358 2
333 126 58 256 299 297 1 349 360 2
334 127 58 251 300 294 1 353 359 2
335 127 59 254 299 297 1 348 360 2
336 126 59 254 298 295 1 352 358 2
337 127 59 253 299 294 3 352 354 2
338 127 59 254 299 299 2 347 356 2
339 126 59 258 299 302 1 342 358 2
340 125 59 260 298 303 2 340 357 2
341 127 58 253 300 299 4 345 353 2
342 117 52 239 313 298 5 346 348 2
343 118 43 239 312 299 6 347 347 2
344 118 42 239 314 299 5 345 351 2
345 118 42 238 315 299 5 345 351 2
346 119 42 236 315 296 7 345 347 2
347 120 43 233 314 296 7 346 350 2
348 122 42 228 314 292 6 351 351 2
349 123 43 228 313 292 6 351 350 2
350 122 42 229 314 291 7 353 348 2
351 122 42 229 314 292 5 351 350 2
352 121 42 232 314 291 5 352 350 2
353 121 42 232 314 290 4 353 351 2
354 120 42 234 315 291 3 351 352 2
355 120 42 235 315 291 4 353 350 2
356 119 42 235 315 291 4 352 350 2
357 119 42 237 314 291 4 353 348 2
358 119 42 236 315 290 5 354 348 2
359 119 43 237 314 289 5 355 348 2
360 119 43 237 313 287 5 356 347 2
361 120 43 236 313 287 5 356 347 2
362 120 44 234 312 288 5 356 347 2
363 120 44 234 311 287 6 357 346 2
364 120 43 235 312 288 5 356 347 2
365 120 44 234 311 290 5 354 348 2
366 119 44 237 311 289 5 354 348 2
367 119 43 237 312 289 5 354 347 2
368 119 43 238 313 290 5 355 348 2
369 117 43 240 313 290 6 355 347 2
370 118 43 239 313 290 7 355 345 2
371 119 43 236 313 290 7 355 345 2
372 119 42 237 314 291 6 354 345 2
373 119 43 236 314 291 6 355 346 2
374 118 42 238 314 289 6 357 345 2
375 118 42 239 314 290 6 356 346 2
376 118 42 239 314 290 6 356 347 2
377 118 42 239 314 288 7 359 344 2
378 117 43 239 314 288 7 359 343 2
379 119 43 237 314 287 9 362 339 2
380 119 42 236 314 286 10 362 338 2
381 118 53 238 311 287 9 361 341 2
382 118 54 238 310 287 8 360 342 2
383 118 55 237 308 288 8 360 346 2
384 119 56 236 307 288 6 358 348 2
385 118 56 238 306 286 6 364 348 2
386 118 56 238 305 287 5 360 348 2
387 117 56 239 306 289 4 358 349 2
388 127 61 252 294 290 3 356 350 2
389 127 62 253 293 289 5 357 348 2
390 126 62 254 293 289 4 357 348 2
391 126 63 255 292 290 2 356 351 2
392 126 63 255 292 290 2 357 350 2
393 125 64 257 290 290 1 356 350 2
394 125 64 256 290 288 2 358 349 2
395 124 64 258 290 290 2 357 350 2
396 126 65 254 289 290 2 356 348 2
397 126 65 254 289 290 2 356 348 2
398 127 64 253 290 290 4 357 347 2
399 125 65 256 289 289 4 358 346 2
400 126 64 254 290 292 2 353 349 2
401 127 64 252 290 293 2 351 348 2
402 127 63 254 291 291 4 354 346 2
403 127 63 254 291 292 3 351 348 2
404 126 63 255 291 294 3 348 349 2
405 125 63 259 291 292 0 351 353 2
406 126 63 258 292 296 1 347 354 2
407 127 62 256 292 294 0 351 357 2
408 122 62 266 292 295 0 350 360 2
409 122 62 265 292 291 1 355 358 2
410 122 62 264 291 295 0 346 360 2
411 114 57 245 304 295 2 350 356 2
412 114 55 244 307 297 0 344 360 2
413 111 44 251 310 303 0 332 359 2
414 115 55 244 308 302 2 335 353 2
415 125 61 258 293 306 2 327 354 2
416 125 61 259 294 308 2 327 351 2
417 133 62 241 292 314 3 322 352 2
418 128 62 252 294 317 1 322 353 2
419 126 63 262 292 321 0 317 356 2
420 128 62 261 293 323 0 315 354 2
421 128 63 261 291 325 0 312 350 2
422 132 64 247 290 318 0 321 350 2
423 130 63 250 290 321 1 316 348 2
424 130 62 249 292 317 5 325 345 2
425 129 63 251 292 326 4 311 347 2
426 131 64 247 290 326 8 310 341 2
427 131 63 244 292 325 5 312 349 2
428 134 62 239 294 324 4 313 350 2
429 134 62 237 295 323 6 311 347 2
430 118 54 238 311 315 5 319 349 2
431 115 54 244 311 328 5 304 349 2
432 135 63 235 294 327 5 305 349 2
433 136 62 233 294 329 6 301 345 2
434 138 60 228 298 334 6 296 345 2
435 139 59 227 299 335 7 295 344 2
436 121 53 230 311 333 7 298 346 2
437 147 54 212 295 332 6 300 347 2
438 147 53 211 295 331 5 301 349 2
439 268 15 220 345 1
440 267 15 221 344 1
441 267 16 221 344 1
442 267 15 221 345 1
443 267 15 222 345 1
444 266 15 223 345 1
445 266 15 222 345 1
446 267 15 221 345 1
447 267 15 221 345 1
448 268 14 220 347 1
449 268 14 221 347 1
450 268 14 220 346 1
451 268 14 220 347 1
452 268 14 219 347 1
453 269 14 219 347 1
454 268 13 219 348 1
455 269 13 218 349 1
456 269 13 218 349 1
457 269 13 218 349 1
458 268 12 218 350 1
459 268 13 218 350 1
460 268 12 218 351 1
461 268 12 219 350 1
462 268 12 218 350 1
463 268 12 219 350 1
464 268 12 219 350 1
465 268 11 219 351 1
466 268 11 220 351 1
467 268 11 220 351 1
468 268 11 220 351 1
469 267 11 220 350 1
470 268 11 219 351 1
471 268 11 219 351 1
472 268 11 219 351 1
473 268 11 219 352 1
474 268 11 219 350 1
475 269 11 219 351 1
476 269 11 219 351 1
477 268 10 219 352 1
478 268 11 220 350 1
479 268 11 220 351 1
480 268 12 220 350 1
481 268 11 220 351 1
482 268 12 221 349 1
483 268 12 221 350 1
484 268 12 221 349 1
485 268 12 220 350 1
486 268 12 220 350 1
487 268 12 220 350 1
488 268 12 220 350 1
489 268 12 220 351 1
490 269 12 219 351 1
491 269 11 219 351 1
492 269 12 219 351 1
493 269 11 219 351 1
494 269 12 219 350 1
495 269 12 220 350 1
496 269 12 219 350 1
497 269 12 220 350 1
498 269 13 219 349 1
499 267 13 221 349 1
500 268 13 221 349 1
501 268 13 220 349 1
502 269 13 219 349 1
503 268 13 219 350 1
504 268 12 219 350 1
505 268 13 219 350 1
506 269 12 220 350 1
507 269 12 218 351 1
508 269 13 219 350 1
509 268 12 220 350 1
510 269 13 219 349 1
511 269 13 219 349 1
512 268 13 219 349 1
513 268 13 219 349 1
514 268 12 220 350 1
515 268 12 220 350 1
516 268 12 220 351 1
517 268 12 220 350 1
518 268 12 219 350 1
519 268 13 220 349 1
520 268 12 219 350 1
521 0
522 0
523 0
524 0
525 0
526 0
527 0
528 0
529 0
530 0
531 0
532 0
533 0
534 0
535 0
536 0
537 0
538 0
539 0
540 0
541 0
542 0
543 0
544 0
545 0
546 0
547 0
548 0
549 0
550 0
551 0
552 0
553 0
554 0
555 0
556 0
557 0 205 217 154 287 0 350 361 2
558 0 205 217 154 288 0 350 361 2
559 0 205 215 154 286 0 353 363 2
560 0 204 215 154 288 0 351 362 2
561 0 203 214 156 285 0 354 362 2
562 0 202 214 157 285 0 354 363 2
563 0 203 215 157 286 0 351 363 2
564 299 114 47 238 0 203 214 156 287 0 347 364 3
565 297 123 52 225 0 202 213 157 288 0 347 362 3
566 293 123 59 226 0 203 213 158 288 0 347 362 3
567 292 125 63 226 0 203 213 157 289 0 347 362 3
568 287 124 70 232 0 204 213 156 289 0 345 363 3
569 284 123 76 231 0 203 213 157 289 0 347 362 3
570 281 122 83 232 0 203 214 157 285 0 349 364 3
571 279 127 87 217 0 204 214 156 285 0 349 362 3
572 275 130 96 210 0 205 214 154 288 0 346 361 3
573 268 132 107 204 0 205 214 154 285 0 351 361 3
574 267 129 110 183 0 204 213 155 278 0 360 361 3
575 0 205 213 155 266 130 113 183 273 0 366 362 3
576 0 204 212 156 266 130 113 180 274 0 361 366 3
577 0 203 211 156 267 130 115 180 267 0 372 369 3
578 0 204 212 155 268 130 117 182 260 0 383 369 3
579 0 204 212 155 270 130 119 180 234 0 401 363 3
580 0 205 212 153 233 0 402 362 262 126 143 197 3
581 0 204 213 155 230 0 407 361 263 125 144 201 3
582 0 205 209 153 258 0 380 380 266 118 143 208 3
583 2 202 208 156 254 0 391 371 265 117 146 216 3
584 1 199 208 157 238 4 393 353 263 118 149 217 3
585 0 195 212 161 262 116 151 218 221 3 426 357 3
586 0 197 212 159 259 116 153 215 223 2 421 357 3
587 0 196 210 160 258 117 153 217 230 3 406 358 3
588 0 196 209 159 255 113 157 220 226 6 415 355 3
589 0 197 207 158 255 112 160 227 221 7 425 355 3
590 1 201 204 153 254 111 161 228 219 8 429 357 3
591 244 103 176 245 0 202 207 152 221 11 425 354 3
592 0 201 210 154 242 102 182 249 279 4 349 365 3
593 0 204 210 151 242 101 183 255 283 2 345 370 3
594 0 207 209 149 241 100 186 255 281 2 350 369 3
595 0 206 208 148 239 100 188 254 283 7 350 361 3
596 3 205 201 152 235 97 194 251 286 10 354 351 3
597 0 206 208 151 233 94 202 249 286 9 360 351 3
598 3 206 207 153 230 95 203 252 289 13 357 345 3
599 0 205 215 157 229 92 205 254 290 13 362 347 3
600 7 204 215 157 230 91 207 257 291 12 366 345 3
601 11 203 216 160 229 90 210 258 291 11 361 345 3
602 20 200 209 161 229 91 212 257 290 13 367 341 3
603 33 202 201 161 235 90 204 264 289 14 371 341 3
604 50 206 208 153 237 90 202 261 294 14 366 341 3
605 250 86 199 269 57 201 205 159 290 14 370 340 3
606 73 204 198 158 255 88 189 261 288 11 366 344 3
607 84 203 193 157 261 90 178 258 293 9 364 347 3
608 95 207 183 153 262 86 177 262 292 11 366 346 3
609 102 208 199 150 263 99 170 189 289 12 361 344 3
610 109 209 188 152 263 97 168 192 289 13 357 345 3
611 110 205 187 156 264 96 167 194 288 11 359 347 3
612 105 202 194 157 264 94 166 197 292 13 349 343 3
613 104 201 196 158 264 95 167 194 297 13 335 345 3
614 101 203 200 156 262 98 169 190 298 14 331 344 3
615 261 99 172 187 97 202 182 154 297 12 330 347 3
616 267 87 163 261 95 203 178 157 293 11 336 350 3
617 254 88 171 263 91 199 180 163 292 10 335 352 3
618 85 202 180 159 253 90 173 261 291 9 335 354 3
619 251 90 175 259 69 202 192 160 291 8 335 357 3
620 246 92 182 251 57 205 200 156 292 7 331 356 3
621 35 203 202 161 243 92 187 249 295 7 327 356 3
622 35 203 191 158 242 92 189 247 296 6 325 357 3
623 29 204 193 156 210 12 436 347 242 91 188 248 3
624 25 200 198 161 290 7 332 356 240 91 190 251 3
625 23 200 200 161 217 11 424 351 244 91 184 253 3
626 23 199 201 162 219 13 421 348 241 93 186 254 3
627 25 198 198 161 226 15 406 345 239 92 188 254 3
628 32 198 198 166 223 17 408 342 234 93 194 256 3
629 36 196 195 166 229 15 401 346 227 94 200 257 3
630 47 202 182 167 220 15 419 344 228 91 192 261 3
631 222 13 420 348 64 198 182 163 235 93 176 263 3
632 219 13 427 348 66 201 191 159 234 95 172 263 3
633 276 8 355 360 77 205 182 154 233 98 164 263 3
634 228 10 411 349 232 100 160 260 81 203 181 156 3
635 231 99 157 261 230 10 404 347 85 204 181 153 3
636 228 101 156 184 231 7 404 351 91 203 175 156 3
637 226 100 158 186 91 203 171 158 230 7 404 350 3
638 227 99 163 186 93 203 169 158 232 8 399 349 3
639 229 91 166 272 91 202 170 159 235 8 392 350 3
640 230 99 166 186 91 197 170 166 235 7 391 350 3
641 232 99 170 184 230 8 402 347 95 196 167 164 3
642 224 10 413 347 234 98 174 186 94 194 166 169 3
643 87 195 164 168 216 11 427 347 241 91 170 261 3
644 87 199 163 163 216 9 430 351 241 93 171 259 3
645 90 203 156 161 215 9 430 352 237 94 181 255 3
646 88 213 155 152 215 5 434 358 238 96 185 250 3
647 82 228 160 136 209 7 445 355 239 91 186 249 3
648 74 236 168 123 277 1 355 365 239 93 186 246 3
649 49 238 169 119 214 8 434 352 240 92 184 250 3
650 50 244 163 109 281 6 344 359 244 94 179 249 3
651 48 245 161 107 246 92 176 253 287 10 335 357 3
652 47 245 162 108 245 90 177 255 291 12 330 351 3
653 42 244 165 112 243 90 179 256 292 13 332 353 3
654 38 245 171 110 238 91 185 252 292 14 336 347 3
655 38 244 171 111 235 93 189 256 292 17 339 345 3
656 37 243 178 113 235 95 192 253 293 17 340 346 3
657 35 241 182 113 231 94 199 256 293 20 342 344 3
658 37 236 188 123 224 93 207 259 294 21 346 341 3
659 39 231 192 129 224 92 208 260 296 19 345 346 3
660 38 227 193 138 218 94 217 258 297 15 350 349 3
661 36 226 199 137 217 96 223 250 296 17 354 347 3
662 223 94 212 253 36 224 202 144 290 17 367 348 3
663 28 220 202 142 225 91 206 257 291 17 362 348 3
664 30 220 208 143 231 88 196 265 290 19 368 345 3
665 36 220 205 146 241 85 184 271 287 18 369 348 3
666 54 216 212 149 249 84 177 270 287 18 367 347 3
667 66 219 203 143 252 90 175 257 288 19 367 345 3
668 76 218 194 145 266 93 167 257 288 16 369 352 3
669 83 216 193 144 269 91 168 256 284 14 371 350 3
670 82 217 193 145 274 86 168 262 279 15 379 350 3
671 77 217 206 141 276 16 380 351 279 87 169 264 3
672 74 216 211 142 276 15 383 348 281 89 170 262 3
673 70 217 217 139 276 16 379 346 278 88 179 260 3
674 63 215 222 141 278 18 373 344 279 91 180 255 3
675 60 211 219 147 280 19 365 339 278 87 184 260 3
676 54 216 214 147 285 16 360 344 281 87 183 261 3
677 22 222 215 139 282 13 363 346 280 90 186 254 3
678 12 223 216 133 279 13 370 343 281 90 185 254 3
679 10 222 205 130 278 8 372 352 282 89 182 252 3
680 6 221 209 136 282 92 179 250 277 7 376 354 3
681 7 221 204 135 277 6 370 352 279 91 177 253 3
682 5 220 203 134 273 87 179 257 277 7 370 350 3
683 4 217 204 138 264 92 179 253 282 9 361 349 3
684 4 215 204 139 235 94 206 248 276 9 373 351 3
685 235 96 201 252 3 211 205 142 281 10 361 348 3
686 4 212 204 141 238 96 190 252 284 9 349 353 3
687 4 211 204 143 230 96 197 253 287 12 343 348 3
688 5 210 204 145 223 97 198 258 283 7 348 357 3
689 4 208 205 146 218 100 192 253 284 6 344 364 3
690 5 211 203 144 216 99 188 252 290 8 337 360 3
691 6 212 202 143 210 97 193 256 286 6 345 363 3
692 5 209 204 146 208 99 197 254 286 2 346 371 3
693 3 210 206 146 204 102 203 250 282 3 355 369 3
694 206 102 204 250 4 207 204 148 286 1 344 372 3
695 5 207 201 150 209 100 202 254 282 0 353 375 3
696 6 206 200 150 212 101 198 255 281 1 353 375 3
697 4 207 202 149 216 99 195 257 280 2 351 374 3
698 4 206 203 150 217 99 191 258 277 2 356 372 3
699 5 206 199 152 216 99 192 257 274 4 362 366 3
700 218 99 188 258 5 205 202 151 275 4 361 367 3
701 280 2 350 367 5 205 204 151 217 98 189 256 3
702 276 1 357 369 217 97 189 258 3 204 205 153 3
703 217 94 191 259 278 1 355 370 4 202 206 154 3
704 213 93 193 256 280 0 349 368 7 201 205 156 3
705 8 201 204 157 284 0 347 370 208 94 198 260 3
706 281 0 355 370 207 97 200 257 9 202 203 156 3
707 277 0 364 368 9 205 209 153 207 96 196 257 3
708 285 0 353 373 10 207 217 152 207 95 195 257 3
709 12 209 216 150 281 0 356 370 212 94 185 263 3
710 11 208 220 153 218 0 414 365 216 97 179 264 3
711 293 0 338 377 11 209 224 151 214 92 175 267 3
712 213 89 171 267 303 0 325 374 13 209 222 150 3
713 209 90 162 276 308 0 316 368 17 213 215 147 3
714 312 0 313 364 203 103 174 180 22 211 211 149 3
715 319 0 303 361 202 101 170 183 17 211 218 148 3
716 314 0 311 360 18 210 216 149 201 100 170 184 3
717 316 0 310 359 17 212 216 145 199 101 168 182 3
718 316 0 310 358 21 214 208 145 196 102 170 180 3
719 313 0 309 360 17 212 208 146 201 103 163 180 3
720 14 211 209 146 314 0 305 363 203 106 159 175 3
721 11 212 213 146 315 0 301 365 205 102 157 184 3
722 11 205 204 156 208 102 153 185 316 0 301 366 3
723 0 269 62 92 17 203 194 157 210 101 151 189 316 0 300 365 4
724 211 104 147 220 6 200 205 159 310 0 306 366 3
725 208 102 150 186 2 201 204 159 311 0 306 364 3
726 208 101 150 188 4 202 199 158 310 0 309 365 3
727 213 101 146 189 4 205 199 153 312 0 307 364 3
728 224 84 133 212 4 202 198 158 306 1 316 361 3
729 219 99 140 190 0 200 184 158 312 0 307 363 3
730 220 96 142 195 0 199 182 158 316 0 308 366 3
731 218 96 146 195 0 203 183 154 313 0 314 366 3
732 228 87 147 205 0 200 176 157 305 0 325 368 3
733 228 82 150 209 1 203 172 156 306 0 319 364 3
734 2 202 171 158 232 80 154 277 305 0 320 370 3
735 234 91 157 202 1 202 173 157 319 0 304 370 3
736 236 90 159 204 1 202 173 157 334 0 281 362 3
737 236 80 158 281 0 200 176 159 313 0 306 365 3
738 238 84 157 276 0 201 176 159 311 0 308 364 3
739 239 82 156 280 297 0 331 365 0 201 179 158 3
740 290 0 343 359 240 86 157 274 0 203 180 156 3
741 240 88 157 272 290 0 343 359 0 202 184 157 3
742 294 0 342 363 242 94 160 196 0 203 182 155 3
743 389 0 229 350 243 94 157 193 6 207 198 150 3
744 387 0 234 347 245 94 152 192 5 210 200 146 3
745 298 0 343 363 263 89 121 204 4 209 201 148 3
746 300 0 342 362 255 90 122 203 3 207 204 150 3
747 299 0 344 365 256 87 118 208 2 206 205 152 3
748 257 86 116 210 386 0 237 351 4 207 202 152 3
749 259 84 112 212 4 206 204 153 296 0 343 360 3
750 303 0 335 359 271 87 102 208 4 204 203 155 3
751 258 79 117 225 304 0 334 359 5 204 203 154 3
752 11 199 193 164 274 84 99 210 330 0 296 357 3
753 12 199 202 162 274 86 98 207 295 0 339 361 3
754 18 201 202 160 275 83 95 214 296 0 339 362 3
755 17 200 201 161 278 83 90 213 302 0 328 363 3
756 15 199 208 162 280 84 87 214 299 0 332 362 3
757 13 201 214 154 280 83 86 216 300 0 332 363 3
758 14 203 223 154 282 89 83 204 302 0 326 363 3
759 284 95 79 191 307 0 323 366 2
760 16 203 214 159 286 98 77 186 313 0 312 361 3
761 10 201 222 158 287 99 74 187 317 0 307 361 3
762 286 98 74 187 5 201 222 156 307 0 316 363 3
763 10 194 221 164 288 102 70 179 307 0 315 358 3
764 311 3 313 349 1
765 321 3 297 345 1
766 0 196 239 161 87 15 549 321 2
767 0 198 233 157 94 12 536 329 2
768 294 1 332 351 1
769 297 4 324 344 1
770 302 3 317 345 1
771 295 3 323 348 1
772 292 2 328 348 1
773 291 0 329 356 1
774 296 0 326 359 1
775 293 0 328 359 1
776 294 0 326 360 1
777 293 0 328 357 1
778 294 0 327 359 1
779 288 0 330 369 1
780 288 0 328 370 1
781 289 0 326 369 1
782 1 204 218 156 287 0 327 366 2
783 2 205 218 156 287 0 328 367 2
784 1 206 218 154 287 0 328 366 2
785 1 208 219 152 287 0 327 365 2
786 1 206 218 155 287 0 329 365 2
787 0 207 217 153 286 0 331 365 2
788 1 206 215 155 286 0 328 366 2
789 0 211 216 149 284 0 330 366 2
790 0 210 215 150 285 0 329 368 2
791 0 210 214 150 288 0 323 367 2
792 0 212 214 149 286 0 327 370 2
793 1 210 211 151 285 0 329 367 2
794 1 212 211 149 282 0 336 367 2
795 1 211 210 148 279 0 341 367 2
796 1 209 211 151 281 0 338 367 2
797 1 208 211 152 282 0 335 365 2
798 1 207 213 152 283 0 333 365 2
799 1 207 213 152 283 0 332 366 2
800 1 208 212 151 282 0 337 365 2
801 2 208 211 151 282 0 337 365 2
802 2 208 209 152 283 0 336 367 2
803 1 207 211 153 282 0 336 367 2
804 1 207 210 153 284 0 332 367 2
805 0 206 213 154 284 0 332 366 2
806 0 208 213 152 288 0 326 359 2
807 0
808 0
809 0
810 0
811 0
812 0
813 0
814 0
815 0
816 0
817 0
818 0
819 0
820 0
821 0
822 0
823 0
824 0
825 0
826 0
827 0
828 0
829 0
830 0
831 0
832 0
833 0
834 0
835 0
836 0
837 0
838 0
839 0
840 0
841 0
842 0
843 286 143 38 92 242 42 342 310 134 30 139 333 3
844 235 85 45 125 206 45 354 307 133 30 141 334 3
845 234 84 46 129 201 43 347 313 134 29 139 334 3
846 233 83 47 130 186 37 356 322 135 27 136 337 3
847 233 84 48 121 182 38 341 315 135 28 134 336 3
848 234 86 47 112 187 38 326 318 136 29 144 325 3
849 170 38 322 318 137 31 145 315 2
850 167 50 311 315 139 32 149 309 2
851 168 58 296 307 138 34 149 308 2
852 399 107 73 220 166 61 292 304 138 33 141 309 3
853 390 114 87 242 164 68 278 297 142 37 134 289 3
854 380 113 99 242 159 67 261 303 143 38 129 287 3
855 373 112 104 245 140 38 131 282 153 59 270 312 3
856 150 55 259 318 141 40 116 245 369 117 106 238 3
857 140 39 117 250 367 115 108 242 148 62 257 309 3
858 344 121 40 76 135 34 115 258 139 58 263 315 356 115 116 244 4
859 338 122 42 77 513 0 125 374 136 40 106 244 137 61 271 309 358 114 110 245 5
860 336 118 43 87 461 0 174 360 138 37 100 223 357 111 106 249 138 67 264 302 5
861 334 118 43 91 356 115 92 194 387 0 249 355 137 40 101 246 143 64 230 307 5
862 331 116 44 103 353 118 72 157 330 0 305 360 137 39 103 251 151 63 202 309 5
863 331 118 43 98 347 120 76 131 305 3 330 347 137 40 102 252 154 64 194 308 5
864 329 117 44 105 351 121 62 92 189 0 452 368 137 38 103 257 162 64 180 308 5
865 329 117 42 98 183 0 462 360 138 38 101 304 146 69 178 292 4
866 367 120 41 41 137 35 102 264 190 0 457 362 143 62 184 303 4
867 186 0 463 368 137 35 101 268 149 68 177 300 3
868 137 31 100 276 202 0 445 371 152 67 170 298 3
869 325 112 53 106 138 35 98 260 280 3 356 352 156 77 163 286 4
870 137 39 99 251 291 1 348 358 149 81 170 284 3
871 137 46 99 236 305 0 340 367 143 85 181 278 3
872 135 35 103 222 145 77 177 286 311 0 340 364 3
873 135 37 103 214 145 78 177 284 316 0 337 367 3
874 135 40 102 206 142 81 186 281 318 1 336 361 3
875 136 40 104 201 127 86 205 273 318 0 335 362 3
876 135 39 105 200 123 84 211 274 314 0 338 360 3
877 135 36 106 204 124 81 213 278 312 0 333 354 3
878 315 122 45 83 136 37 104 204 128 81 210 281 313 0 325 357 4
879 314 120 47 86 137 37 104 202 130 80 208 282 314 0 312 356 4
880 315 121 46 79 137 38 102 202 136 79 204 282 319 0 295 353 4
881 315 120 47 84 138 38 102 205 141 80 199 282 330 0 276 351 4
882 316 119 48 87 139 39 100 206 155 86 188 272 333 0 261 355 4
883 316 116 48 98 138 36 100 263 155 85 189 272 335 0 248 356 4
884 315 118 49 87 138 35 100 267 160 86 191 270 342 0 230 362 4
885 315 121 51 94 137 33 103 273 160 82 193 272 349 0 216 359 4
886 322 114 52 110 136 35 105 268 161 81 193 272 354 0 204 357 4
887 322 113 56 106 135 34 106 271 159 81 199 273 354 5 197 351 4
888 326 110 56 107 135 35 105 267 156 82 207 271 358 5 186 356 4
889 323 105 63 227 328 111 58 107 136 35 102 265 151 77 217 280 363 3 183 363 5
890 325 113 68 210 137 34 98 265 150 77 220 281 374 2 161 364 4
891 328 110 70 249 138 40 95 202 150 77 224 282 388 3 153 364 4
892 329 112 70 249 137 41 96 201 398 2 145 362 152 79 227 280 4
893 332 103 82 264 138 40 95 200 149 78 238 281 398 5 146 359 4
894 333 111 86 251 136 40 97 200 151 77 219 280 406 5 140 357 4
895 136 40 97 201 334 109 87 253 151 77 214 282 410 3 136 356 4
896 136 41 97 200 334 111 89 252 411 7 143 347 149 78 212 280 4
897 136 41 98 199 336 110 89 253 413 7 141 349 150 78 204 279 4
898 136 42 98 198 336 114 87 248 412 6 144 349 149 79 206 277 4
899 137 42 98 197 337 114 86 248 408 7 145 348 149 79 205 276 4
900 137 42 98 198 337 115 87 251 404 5 150 351 148 79 206 278 4
901 137 42 99 198 337 116 88 249 148 79 208 278 403 4 150 350 4
902 337 117 87 248 137 43 100 198 149 78 205 279 402 6 157 352 4
903 336 117 88 244 136 43 101 198 149 80 202 275 404 7 157 352 4
904 336 115 85 248 135 43 100 199 149 81 201 274 399 7 164 351 4
905 336 111 86 255 136 42 99 200 390 9 177 348 148 82 204 274 4
906 335 110 87 256 137 43 100 198 387 9 180 349 148 82 204 274 4
907 335 109 86 258 137 43 100 198 388 8 180 351 146 81 214 277 4
908 336 108 81 261 136 43 101 199 146 79 217 279 385 7 185 351 4
909 335 108 79 262 136 43 102 198 145 80 220 278 381 7 189 350 4
910 337 110 73 257 136 44 103 197 147 80 215 277 374 9 197 349 4
911 331 114 65 249 136 44 103 198 372 8 197 349 147 81 217 276 4
912 333 114 62 246 136 44 101 243 367 10 199 347 148 81 212 277 4
913 335 113 59 245 136 45 101 242 363 11 202 349 148 80 211 277 4
914 335 113 59 247 136 44 102 244 150 79 211 279 362 11 203 348 4
915 335 117 59 203 136 43 103 246 150 79 211 279 360 10 204 349 4
916 333 113 62 159 136 43 103 246 150 79 213 278 358 12 206 348 4
917 333 112 61 248 136 43 103 247 150 80 211 277 358 10 205 348 4
918 334 113 61 214 136 42 103 249 151 79 212 279 357 12 205 347 4
919 330 113 64 245 136 43 103 249 150 79 213 279 358 13 204 347 4
920 331 114 64 244 136 43 104 248 150 79 214 278 359 15 202 345 4
921 331 114 64 243 136 43 104 248 150 80 215 276 360 16 199 345 4
922 334 110 59 219 136 43 104 246 149 81 218 276 360 14 198 345 4
923 334 111 59 219 135 44 104 243 149 81 218 275 361 12 196 346 4
924 334 111 58 219 135 45 104 244 150 79 217 276 360 10 196 348 4
925 334 111 59 221 135 46 104 240 150 78 216 277 361 12 195 346 4
926 333 110 59 222 135 47 103 239 150 78 215 279 360 13 195 345 4
927 333 111 59 219 135 49 103 235 150 80 215 277 360 12 195 345 4
928 333 111 60 218 135 49 104 233 149 82 218 274 361 11 194 346 4
929 333 111 60 218 134 49 107 236 149 80 218 276 360 13 195 344 4
930 333 111 60 217 134 50 107 233 360 12 196 346 152 80 216 277 4
931 333 110 60 221 135 43 107 247 153 80 214 276 360 12 196 346 4
932 332 109 60 224 137 42 103 249 153 79 215 278 361 13 195 344 4
933 332 107 61 228 138 45 103 241 152 82 217 275 360 13 197 344 4
934 331 107 61 227 137 47 103 238 152 81 217 276 361 13 197 344 4
935 332 107 62 226 137 47 103 240 153 80 215 277 360 13 199 344 4
936 331 108 63 224 136 45 104 242 152 79 216 278 360 13 203 346 4
937 331 111 63 216 134 46 108 241 151 80 216 277 361 14 202 346 4
938 330 112 65 212 133 47 107 240 362 13 202 346 151 80 214 276 4
939 329 112 66 212 134 47 106 238 361 13 203 346 151 81 216 275 4
940 329 111 67 217 134 48 107 237 361 12 207 346 150 81 215 275 4
941 328 108 67 222 133 48 108 237 361 11 210 347 150 82 217 274 4
942 328 111 66 159 133 48 108 237 361 12 209 344 150 82 217 274 4
943 329 111 66 159 133 48 108 237 360 12 211 344 150 82 218 274 4
944 329 110 66 217 133 48 109 237 151 82 217 274 361 12 211 345 4
945 330 109 66 219 133 47 109 239 150 82 218 274 362 12 211 344 4
946 331 111 66 214 134 48 107 239 362 12 211 343 151 82 216 274 4
947 331 110 65 214 134 48 106 238 363 11 210 344 151 79 215 278 4
948 332 111 65 213 134 46 105 241 363 11 213 344 151 78 216 279 4
949 332 111 65 214 134 47 104 239 363 11 213 344 150 80 217 277 4
950 332 112 64 209 134 48 104 237 149 80 218 277 363 11 215 343 4
951 333 112 64 209 135 48 103 238 364 11 217 343 149 81 218 276 4
952 333 113 64 208 135 47 104 240 149 81 219 276 365 12 216 342 4
953 333 113 64 207 135 47 103 240 149 82 219 276 367 10 215 345 4
954 333 114 64 206 135 47 104 240 150 81 219 278 367 10 215 347 4
955 332 114 65 208 135 47 106 240 151 80 219 279 367 10 215 346 4
956 331 113 67 208 135 48 105 239 152 80 217 278 368 10 215 346 4
957 330 111 70 212 135 42 105 250 152 81 218 277 373 9 211 348 4
958 331 113 68 205 134 45 104 243 152 80 216 278 376 9 209 348 4
959 338 108 68 217 134 42 106 250 150 79 218 278 380 7 203 350 4
960 339 109 67 214 134 43 106 248 151 81 218 275 381 7 202 350 4
961 337 108 71 218 135 43 104 248 150 80 217 276 383 8 200 349 4
962 332 105 83 261 135 43 103 248 151 81 217 275 384 8 198 351 4
963 338 106 72 219 134 40 105 256 153 77 216 280 382 7 202 351 4
964 339 109 69 212 134 41 105 253 153 78 217 281 381 7 203 351 4
965 334 107 79 260 134 39 106 256 154 74 214 286 382 7 202 351 4
966 334 109 80 257 134 40 106 256 157 76 211 283 385 6 198 352 4
967 331 109 83 257 134 39 106 257 156 77 212 282 386 6 197 353 4
968 332 108 81 258 134 39 106 257 157 77 213 282 385 6 197 353 4
969 329 110 85 255 135 39 106 256 155 78 215 282 384 5 199 353 4
970 337 113 74 202 135 38 106 259 153 80 214 279 384 5 199 353 4
971 338 111 71 207 135 41 106 254 154 79 211 278 382 6 204 352 4
972 333 106 80 263 134 39 107 259 154 78 209 279 380 7 204 351 4
973 333 107 79 261 135 38 105 260 154 81 208 276 380 7 205 351 4
974 338 111 69 206 134 38 107 260 155 81 208 276 381 6 203 352 4
975 339 110 69 205 134 41 107 255 155 80 208 277 381 6 203 352 4
976 337 103 72 228 134 41 109 254 157 81 206 274 382 4 200 355 4
977 316 103 92 268 134 41 112 253 157 83 204 273 383 3 198 356 4
978 314 100 96 271 134 39 110 256 156 82 206 272 386 3 195 356 4
979 330 98 86 277 134 38 111 256 156 84 207 271 386 3 194 356 4
980 313 101 96 271 134 37 109 257 157 84 208 271 385 2 196 356 4
981 328 98 88 277 134 37 108 258 158 83 205 271 386 2 195 356 4
982 329 99 88 275 135 37 107 258 159 83 205 273 386 3 194 356 4
983 328 99 90 276 135 37 105 258 162 81 203 277 387 2 194 356 4
984 328 98 88 278 135 41 107 250 163 81 202 275 386 2 195 358 4
985 328 98 88 278 134 43 108 246 163 80 203 277 386 1 195 358 4
986 329 97 87 281 134 41 106 251 163 79 202 278 386 2 196 358 4
987 329 95 86 286 134 39 106 255 164 77 201 281 385 1 198 359 4
988 330 95 85 286 134 38 108 258 164 78 199 281 385 1 198 359 4
989 330 95 85 284 135 37 106 259 165 77 198 281 387 1 196 358 4
990 330 94 85 286 135 39 104 256 166 78 197 281 386 1 196 359 4
991 330 95 85 285 136 39 104 255 165 78 197 281 387 1 196 358 4
992 330 95 85 286 135 40 104 253 166 78 196 281 387 1 196 358 4
993 330 95 85 285 135 41 104 252 166 78 195 281 386 1 196 357 4
994 330 95 84 285 135 40 104 254 166 78 196 280 387 1 195 358 4
995 331 94 84 286 135 39 105 255 166 78 196 281 386 1 196 358 4
996 330 94 84 286 135 40 105 254 166 78 196 281 386 1 196 358 4
997 331 94 83 286 135 41 104 252 166 77 197 282 385 1 197 358 4
998 330 94 84 285 135 41 103 251 165 76 198 283 385 1 197 358 4
999 330 94 84 285 135 42 103 251 166 76 197 284 385 1 198 358 4
1000 331 95 82 284 135 41 103 252 165 76 199 284 385 2 198 358 4
1001 331 95 82 284 135 41 102 254 164 76 200 283 384 2 199 357 4
1002 331 96 83 283 135 41 103 254 163 77 201 282 385 2 198 357 4
1003 331 96 84 282 135 42 102 251 162 76 201 283 384 2 198 357 4
1004 331 96 83 282 135 41 103 254 162 78 202 281 383 3 201 356 4
1005 331 96 83 282 135 41 103 254 162 78 202 281 381 3 204 356 4
1006 332 96 82 283 135 40 103 256 160 78 203 281 380 3 205 356 4
1007 331 96 83 283 135 40 103 256 160 76 202 283 380 4 206 355 4
1008 331 96 83 284 135 40 103 256 160 77 202 283 382 4 203 355 4
1009 331 97 82 282 135 40 104 256 160 77 203 281 382 4 203 354 4
1010 331 97 82 280 134 40 104 256 160 77 204 280 382 4 203 355 4
1011 331 97 82 280 135 40 103 257 158 76 207 280 380 5 206 354 4
1012 330 98 84 278 134 41 104 253 156 77 211 278 380 4 206 354 4
1013 333 97 81 281 134 41 105 253 153 78 219 275 383 3 203 355 4
1014 334 97 78 280 134 41 105 253 153 79 222 274 384 2 200 356 4
1015 337 104 75 265 134 42 104 251 154 80 222 275 385 3 199 355 4
1016 338 104 72 265 134 42 105 251 154 79 228 278 384 4 202 354 4
1017 341 105 65 224 134 42 105 250 151 80 236 276 380 4 206 351 4
1018 341 104 65 226 134 44 106 247 380 3 205 355 152 81 238 274 4
1019 341 108 61 165 134 45 105 244 150 82 235 271 371 6 217 349 4
1020 338 99 69 236 134 44 105 246 150 81 225 273 374 5 214 349 4
1021 343 110 57 125 341 102 65 233 134 44 105 245 376 5 212 349 150 81 236 274 5
1022 341 110 62 153 134 44 104 243 375 6 214 349 151 79 239 274 4
1023 340 110 64 166 135 46 102 238 380 3 206 353 152 76 237 280 4
1024 339 105 67 224 135 46 102 239 378 4 209 353 148 79 233 276 4
1025 334 101 76 269 135 44 101 243 144 79 231 277 379 4 208 352 4
1026 337 105 70 229 135 44 102 242 144 79 225 275 381 4 204 352 4
1027 337 106 71 224 135 44 102 243 144 80 226 275 384 3 201 353 4
1028 338 106 68 220 135 44 102 244 142 80 230 274 384 2 201 355 4
1029 337 106 69 222 135 43 102 245 142 80 232 274 385 1 199 355 4
1030 337 107 71 222 135 43 102 245 141 80 236 274 385 2 199 355 4
1031 337 107 72 222 136 44 102 242 141 80 239 275 385 2 198 354 4
1032 333 105 81 261 135 44 102 243 141 80 240 275 384 3 200 352 4
1033 333 104 82 266 136 40 102 206 141 81 242 276 384 7 200 350 4
1034 333 104 82 263 136 40 102 206 141 81 243 276 384 7 199 352 4
1035 336 106 74 227 136 40 102 206 140 80 242 276 385 9 199 351 4
1036 336 107 74 227 136 40 101 207 141 80 240 277 386 7 197 351 4
1037 331 106 83 259 137 40 102 208 143 80 239 277 387 8 196 352 4
1038 334 105 77 229 137 40 102 207 144 80 240 277 387 9 195 351 4
1039 334 104 77 227 136 40 102 208 145 80 239 276 383 13 200 347 4
1040 330 105 87 262 136 40 103 208 145 80 240 276 383 17 200 343 4
1041 328 103 91 266 136 40 103 208 145 80 239 276 385 16 198 344 4
1042 328 102 95 270 136 39 103 209 145 80 239 277 381 17 205 340 4
1043 327 102 96 270 136 42 101 247 145 81 239 275 377 19 209 336 4
1044 328 103 102 270 136 39 103 210 144 81 240 275 382 18 203 338 4
1045 326 106 107 261 136 39 103 209 141 80 238 276 382 19 205 337 4
1046 326 106 103 262 136 39 103 209 141 80 238 277 380 20 207 336 4
1047 327 106 100 262 136 39 103 209 141 80 237 277 379 21 208 335 4
1048 327 106 98 263 137 39 102 210 141 80 236 277 379 20 208 336 4
1049 327 104 98 265 137 39 101 209 141 80 235 277 380 19 208 338 4
1050 327 104 99 265 137 39 101 210 141 80 237 278 381 18 206 338 4
1051 327 104 100 264 137 39 101 209 140 80 236 277 382 18 204 339 4
1052 328 104 95 263 137 39 102 210 141 79 236 278 379 18 208 337 4
1053 328 105 91 261 136 40 102 209 140 79 236 278 379 19 209 337 4
1054 328 104 90 262 136 40 103 210 142 78 235 279 379 19 208 337 4
1055 329 105 88 262 136 40 104 208 141 79 237 277 374 19 216 336 4
1056 331 103 83 268 137 40 104 207 145 78 239 277 371 20 218 335 4
1057 331 110 68 212 137 40 103 207 145 77 239 277 369 23 221 332 4
1058 331 110 67 212 137 39 104 209 144 78 240 276 369 22 221 334 4
1059 331 108 67 215 136 39 105 210 144 78 241 277 367 21 225 335 4
1060 331 109 67 214 137 39 105 210 144 79 240 275 366 21 224 336 4
1061 332 109 65 215 136 39 105 210 145 78 239 276 364 20 227 337 4
1062 332 111 64 212 137 39 103 209 146 77 240 278 365 20 222 338 4
1063 329 106 70 263 137 39 104 209 146 78 241 276 365 19 222 340 4
1064 329 107 68 260 136 39 105 209 146 79 243 275 365 19 220 339 4
1065 329 106 68 263 136 39 104 209 146 78 242 276 363 20 218 339 4
1066 329 111 64 158 136 39 104 209 145 78 248 276 359 20 220 337 4
1067 329 112 65 152 136 39 105 209 145 78 247 276 355 18 220 338 4
1068 328 112 65 152 136 39 105 209 145 77 248 278 353 18 216 337 4
1069 328 111 63 153 136 39 104 209 145 78 244 277 353 18 214 337 4
1070 330 112 57 112 136 39 105 209 145 78 242 275 353 17 213 338 4
1071 330 111 59 104 136 40 106 209 145 81 240 271 351 17 211 336 4
1072 329 111 60 101 136 39 105 209 145 82 241 270 349 17 210 337 4
1073 328 112 61 98 136 40 104 209 144 82 239 269 349 15 209 340 4
1074 328 111 60 100 136 40 103 209 142 83 239 268 350 16 209 340 4
1075 328 111 60 98 136 40 103 208 142 83 238 269 350 13 211 345 4
1076 328 111 60 97 137 40 102 208 143 82 242 270 350 14 215 346 4
1077 329 111 61 96 136 40 102 207 142 84 235 266 349 13 215 348 4
1078 328 111 60 96 136 40 103 208 143 83 231 267 348 12 217 349 4
1079 329 112 60 95 136 41 103 207 143 82 227 269 350 8 219 350 4
1080 328 111 61 98 136 40 104 207 143 81 222 270 351 6 219 352 4
1081 327 111 61 98 136 40 103 208 142 82 217 273 347 6 225 353 4
1082 327 112 61 98 136 41 102 207 143 81 214 275 347 6 226 348 4
1083 327 110 60 104 135 46 102 239 144 81 213 276 348 8 229 347 4
1084 326 110 60 106 134 46 103 239 143 81 216 276 351 7 228 346 4
1085 326 109 59 110 134 46 104 239 143 81 216 275 354 6 227 348 4
1086 328 104 61 233 134 46 104 239 142 81 218 275 356 5 227 348 4
1087 330 108 56 113 135 41 104 207 142 81 218 277 355 4 229 349 4
1088 330 107 55 116 134 47 104 236 143 80 215 276 356 4 231 348 4
1089 330 108 63 254 134 46 104 238 142 81 218 275 359 3 230 351 4
1090 333 110 60 224 134 46 104 239 141 82 221 274 358 0 231 354 4
1091 332 110 55 115 334 113 59 215 134 46 104 239 141 82 220 274 356 2 238 354 5
1092 333 112 55 114 133 46 104 240 142 81 218 274 354 3 243 355 4
1093 332 114 58 114 133 46 104 240 143 81 216 275 353 3 247 355 4
1094 332 115 59 112 133 46 104 240 143 82 217 272 347 0 259 358 4
1095 332 116 60 109 133 45 105 242 143 83 218 273 342 1 267 358 4
1096 332 115 60 110 133 44 106 243 143 84 217 272 332 1 276 355 4
1097 332 115 59 105 133 45 106 244 143 84 215 271 325 0 293 358 4
1098 331 116 60 95 133 44 105 247 145 83 212 273 319 0 306 360 4
1099 332 116 59 94 133 42 106 252 144 83 214 274 314 2 320 355 4
1100 330 116 60 93 134 42 104 251 143 83 215 272 316 5 321 351 4
1101 331 117 60 95 133 43 106 251 143 84 217 271 317 4 329 352 4
1102 331 117 59 105 133 43 106 252 142 83 220 273 322 4 328 351 4
1103 336 120 57 124 133 44 107 249 140 80 222 276 347 5 295 349 4
1104 337 121 70 138 134 46 108 244 355 4 283 350 139 83 231 274 4
1105 336 115 73 206 134 44 108 250 381 0 257 354 138 82 236 275 4
1106 333 115 85 201 133 45 109 248 396 3 242 348 139 80 241 277 4
1107 133 43 108 251 332 121 97 235 417 2 220 351 137 82 249 273 4
1108 454 5 182 345 134 43 109 250 334 121 96 236 137 84 249 270 4
1109 483 17 155 336 134 44 109 250 335 120 96 239 138 84 247 272 4
1110 134 43 109 251 138 82 246 274 336 120 96 238 3
1111 134 43 109 252 138 81 246 276 335 121 97 236 3
1112 134 43 109 252 336 121 97 236 138 80 245 276 3
1113 134 43 109 252 138 84 247 272 337 120 96 238 3
1114 134 43 109 251 138 84 247 271 336 119 96 240 3
1115 134 43 109 251 138 83 249 272 335 119 98 239 3
1116 134 43 109 250 139 82 247 274 335 120 98 237 3
1117 133 42 109 252 139 83 247 273 335 120 98 237 3
1118 133 42 109 252 140 83 246 271 335 121 97 234 3
1119 133 41 109 253 139 83 247 271 335 121 97 234 3
1120 133 41 109 253 138 83 248 271 335 121 97 233 3
1121 133 41 110 253 140 83 245 271 335 121 97 234 3
1122 134 41 109 252 139 84 244 270 335 121 97 233 3
1123 133 41 108 254 139 85 243 269 334 121 98 233 3
1124 134 40 108 253 141 86 242 268 335 121 97 234 3
1125 133 41 108 254 140 87 241 267 335 121 98 235 3
1126 133 41 109 253 140 87 240 266 334 121 98 234 3
1127 133 41 109 253 140 87 241 267 335 121 98 235 3
1128 133 41 109 254 140 87 242 267 335 121 98 235 3
1129 134 41 108 253 139 87 244 267 335 121 97 234 3
1130 134 42 108 251 139 87 244 267 335 121 97 234 3
1131 133 41 108 253 139 87 244 266 335 121 98 234 3
1132 134 41 108 253 140 87 244 266 335 120 98 235 3
1133 134 41 108 252 140 87 244 266 335 120 97 236 3
1134 134 41 108 252 139 87 245 267 336 120 97 235 3
1135 134 41 108 252 139 87 244 267 336 120 97 235 3
1136 134 42 108 251 139 87 243 266 336 120 97 235 3
1137 134 41 108 252 139 87 244 266 336 120 97 235 3
1138 134 41 108 253 139 87 242 266 336 120 97 235 3
1139 134 41 108 253 139 87 243 266 336 120 97 235 3
1140 134 41 108 252 139 88 242 266 335 121 98 234 3
1141 134 41 108 253 139 87 243 266 335 121 98 234 3
1142 134 41 108 253 138 87 244 266 335 120 97 235 3
1143 134 41 108 253 139 86 240 267 334 122 97 233 3
1144 133 43 109 249 139 82 241 271 334 122 97 232 3
1145 134 42 108 251 139 81 244 272 334 122 97 231 3
1146 134 39 108 256 137 80 247 272 333 122 98 230 3
1147 134 39 107 257 138 78 244 275 332 122 99 230 3
1148 133 38 108 259 139 78 242 275 331 121 100 231 3
1149 134 38 107 258 138 80 245 273 331 122 100 231 3
1150 134 36 108 261 138 81 244 273 331 121 100 232 3
1151 134 36 109 262 331 122 100 231 138 82 244 273 3
1152 134 37 108 259 138 79 244 276 332 122 99 231 3
1153 133 38 109 258 137 79 246 276 331 122 100 231 3
1154 133 37 109 259 137 80 246 275 331 122 99 230 3
1155 133 37 109 259 138 81 245 273 332 122 99 230 3
1156 133 37 108 260 331 121 99 233 139 82 245 272 3
1157 0
1158 0
1159 0
1160 0
1161 0
1162 0
1163 0
1164 0
1165 0
1166 0
1167 0
1168 0
1169 0
1170 0
1171 0
1172 0
1173 0
1174 0
1175 0
1176 0
1177 0
1178 0
1179 0
1180 0
1181 0
1182 0
1183 0
1184 0
1185 0
1186 0
1187 0
1188 0
1189 0
1190 0
1191 0
1192 0
1193 463 0 176 362 16 148 216 205 2
1194 416 0 227 361 20 140 212 214 2
1195 396 3 244 355 20 137 214 216 2
1196 391 9 247 346 26 128 204 226 2
1197 391 16 238 339 35 129 197 222 2
1198 53 125 171 236 379 17 251 329 2
1199 368 16 268 336 55 121 168 241 2
1200 369 10 260 344 56 119 164 244 2
1201 370 16 262 336 57 117 162 245 2
1202 339 10 286 340 54 118 161 241 2
1203 444 6 130 93 51 111 173 241 325 88 314 269 3
1204 434 6 132 84 303 77 323 278 53 116 197 237 3
1205 431 6 110 83 50 117 181 238 270 70 327 287 3
1206 50 115 178 238 253 66 314 291 2
1207 55 120 160 236 240 33 340 324 2
1208 51 120 157 236 206 60 326 302 2
1209 398 0 142 345 46 123 158 232 204 65 310 292 3
1210 402 9 100 273 43 123 156 227 155 69 351 290 3
1211 41 125 154 227 394 12 106 262 131 70 374 288 3
1212 384 9 100 266 40 126 157 228 123 74 379 282 3
1213 38 124 156 230 129 77 352 281 380 8 98 265 3
1214 377 0 99 302 35 123 155 232 119 74 326 280 3
1215 361 0 121 345 36 123 155 229 120 81 326 273 3
1216 37 124 153 228 369 0 104 334 123 86 321 272 3
1217 54 118 123 236 356 1 123 355 126 81 310 277 3
1218 55 115 123 241 356 3 121 355 118 81 308 276 3
1219 353 0 120 358 39 120 153 234 121 83 299 275 3
1220 350 3 120 361 42 120 152 231 131 85 286 273 3
1221 358 7 99 330 131 82 278 274 40 117 151 230 3
1222 358 9 99 323 45 82 348 272 38 116 150 223 3
1223 359 21 96 333 513 6 125 353 47 77 347 279 32 115 152 222 4
1224 351 0 100 348 149 80 247 275 28 115 156 224 503 3 134 357 4
1225 492 0 145 361 349 0 101 346 154 77 240 279 27 113 156 228 4
1226 346 1 105 342 481 0 154 364 23 114 161 231 155 79 243 275 4
1227 345 0 105 343 471 0 160 358 153 81 244 273 14 106 181 252 4
1228 314 18 137 328 152 77 250 280 471 0 163 356 14 103 179 256 4
1229 315 16 134 334 157 68 240 290 465 2 171 351 15 105 175 255 4
1230 339 14 118 338 158 66 236 293 419 0 228 360 6 105 171 258 4
1231 307 11 148 339 166 67 225 293 415 0 232 360 7 106 170 258 4
1232 307 13 149 325 418 0 224 357 162 70 239 293 15 107 175 254 4
1233 335 21 129 309 422 0 211 358 8 105 167 259 170 71 231 291 4
1234 183 71 182 290 306 14 151 334 421 0 206 358 10 105 164 256 4
1235 194 72 158 287 313 11 142 346 21 105 168 257 389 2 237 354 4
1236 196 80 154 280 403 6 218 350 27 106 156 253 311 16 144 333 4
1237 201 81 156 279 28 105 153 252 347 5 270 357 318 14 135 331 4
1238 203 81 156 275 29 102 157 254 310 17 143 316 349 13 262 346 4
1239 29 102 159 253 308 21 139 323 348 14 256 346 3
1240 306 14 140 333 28 101 162 254 348 17 253 339 3
1241 196 71 158 288 307 10 138 339 24 99 169 257 343 20 255 335 4
1242 314 17 132 328 23 99 173 257 192 75 164 280 353 23 243 335 4
1243 315 16 135 326 21 103 179 253 193 76 177 281 362 21 232 339 4
1244 19 103 179 252 310 13 140 330 189 75 177 281 361 21 232 339 4
1245 19 104 177 251 314 15 133 333 185 77 172 279 365 21 227 341 4
1246 18 105 173 252 184 75 156 284 316 19 128 337 368 20 225 347 4
1247 18 107 176 250 189 78 146 279 374 17 213 349 318 12 133 348 4
1248 20 108 173 247 182 80 149 277 316 14 137 348 364 18 228 349 4
1249 20 103 173 252 182 84 148 271 315 14 139 346 362 16 225 352 4
1250 20 104 172 254 318 13 136 345 184 83 157 274 365 16 223 348 4
1251 20 103 172 253 181 83 157 273 317 10 138 348 361 16 233 348 4
1252 21 106 169 251 316 13 143 344 178 83 155 271 349 17 250 345 4
1253 22 106 166 249 315 20 147 332 347 18 255 342 179 85 159 268 4
1254 312 21 153 327 22 107 166 251 176 83 166 272 345 18 256 343 4
1255 308 22 159 331 22 107 167 251 176 83 163 274 347 18 260 342 4
1256 320 27 164 322 20 106 171 250 176 83 166 275 355 18 257 345 4
1257 19 104 171 252 318 28 162 327 383 22 236 337 176 85 154 272 4
1258 19 106 173 249 319 27 161 330 387 26 233 334 177 86 152 270 4
1259 16 105 177 249 392 26 230 336 320 27 159 332 178 87 147 267 4
1260 16 104 179 251 390 27 235 334 323 27 156 331 180 87 141 267 4
1261 14 103 181 251 180 88 141 265 324 28 154 328 385 28 243 331 4
1262 181 91 141 262 324 32 153 323 13 104 181 250 385 29 243 327 4
1263 181 89 143 265 9 105 192 249 325 32 152 324 388 27 238 331 4
1264 10 104 189 251 183 87 140 269 327 33 150 321 389 29 239 328 4
1265 328 31 150 323 10 104 186 251 390 30 238 327 183 84 141 273 4
1266 328 33 149 322 9 105 188 252 185 86 137 271 390 29 239 328 4
1267 9 106 188 250 186 84 140 275 327 33 151 310 393 29 237 327 4
1268 9 107 189 249 188 84 141 272 329 33 149 312 393 29 237 328 4
1269 183 87 146 267 10 107 185 249 329 33 149 311 394 29 234 329 4
1270 182 88 151 266 11 110 183 247 330 33 149 312 392 29 236 327 4
1271 181 87 147 265 328 34 150 310 392 27 236 330 12 110 182 246 4
1272 182 85 145 266 14 108 178 248 326 33 152 310 391 26 237 330 4
1273 181 85 147 268 13 107 181 250 324 33 156 310 392 25 235 332 4
1274 324 33 155 309 184 84 147 270 393 24 236 334 11 108 187 249 4
1275 11 108 185 247 325 32 155 311 182 88 147 263 394 25 234 333 4
1276 180 88 150 262 11 108 186 246 323 31 158 311 393 25 235 331 4
1277 180 87 154 265 323 30 158 313 394 26 237 330 11 107 184 248 4
1278 177 86 156 268 10 106 188 252 396 28 239 327 321 27 161 317 4
1279 176 86 158 269 9 105 192 252 321 28 161 318 396 29 240 327 4
1280 170 86 166 270 9 106 192 250 319 24 165 326 399 29 237 327 4
1281 168 87 169 269 321 23 164 329 11 108 189 248 399 27 239 329 4
1282 174 85 159 270 398 26 242 329 321 24 165 327 11 105 189 251 4
1283 172 84 159 273 321 23 165 328 400 25 240 330 10 105 192 250 4
1284 154 85 168 275 321 23 166 328 10 104 191 251 401 24 240 331 4
1285 173 79 163 278 10 104 190 250 322 23 165 328 404 23 237 331 4
1286 173 79 161 278 8 104 193 250 322 21 167 331 404 22 236 334 4
1287 177 80 150 279 8 103 195 252 322 21 166 332 404 20 235 335 4
1288 8 104 193 251 178 84 146 270 320 19 168 332 402 21 237 335 4
1289 7 105 194 251 179 85 145 267 322 18 168 333 402 21 238 336 4
1290 7 105 194 251 178 79 149 274 320 16 170 336 401 21 240 336 4
1291 178 80 152 273 8 104 192 254 321 16 167 334 402 18 239 340 4
1292 175 77 158 280 8 103 189 253 319 17 171 335 401 18 239 338 4
1293 174 80 157 275 7 105 193 250 318 16 172 337 398 18 242 339 4
1294 170 80 168 274 7 107 194 248 318 16 170 335 395 19 245 338 4
1295 173 81 161 275 7 107 194 248 391 20 249 335 320 15 168 338 4
1296 172 80 166 272 7 108 195 247 391 21 249 334 319 16 167 334 4
1297 178 84 156 269 7 107 195 248 319 17 166 334 390 21 250 336 4
1298 182 83 150 272 7 107 194 249 319 16 164 335 389 21 251 337 4
1299 182 78 151 277 7 106 193 249 321 17 162 334 382 20 257 336 4
1300 182 76 148 279 7 106 194 249 321 18 160 331 386 21 254 335 4
1301 180 81 147 274 8 106 192 248 324 17 157 340 390 20 249 338 4
1302 179 80 148 275 325 19 157 337 7 107 194 247 389 22 251 336 4
1303 178 79 151 277 324 21 157 335 7 107 195 246 384 23 255 334 4
1304 179 80 150 276 6 107 196 246 325 21 156 333 385 24 253 332 4
1305 178 76 151 280 326 21 155 334 6 108 198 244 389 23 249 334 4
1306 180 79 150 276 327 20 155 334 7 108 196 245 391 23 248 334 4
1307 326 20 155 334 181 80 150 275 7 109 196 245 393 22 247 335 4
1308 9 106 193 246 326 20 155 335 181 78 152 273 394 22 246 337 4
1309 11 108 193 243 327 19 156 336 178 80 156 271 396 23 244 337 4
1310 12 108 190 243 327 19 156 336 182 76 149 276 397 23 242 337 4
1311 186 78 147 275 327 19 157 337 12 108 187 245 398 23 242 337 4
1312 184 78 146 276 328 20 157 336 13 109 183 244 399 20 240 340 4
1313 181 71 146 281 14 107 181 246 328 21 159 336 399 22 240 337 4
1314 182 76 147 274 15 106 179 249 328 20 159 336 398 22 241 336 4
1315 14 110 182 246 181 79 151 272 329 22 160 336 397 20 244 338 4
1316 15 109 180 247 182 80 145 270 328 21 161 337 399 20 241 339 4
1317 184 79 144 271 15 106 180 251 330 21 160 337 398 19 242 340 4
1318 13 105 185 252 184 76 147 275 331 21 161 335 394 20 246 338 4
1319 13 108 183 249 178 76 151 276 330 21 161 335 389 21 250 337 4
1320 175 76 157 276 13 110 184 246 331 21 160 336 389 23 251 334 4
1321 13 111 184 244 173 78 160 276 330 22 161 335 388 25 253 332 4
1322 177 73 159 286 12 110 184 245 332 24 160 315 393 26 248 330 4
1323 178 71 159 288 12 110 187 246 392 26 248 330 332 25 158 314 4
1324 183 71 153 290 11 111 188 245 334 25 157 313 393 26 247 329 4
1325 180 73 159 288 12 111 187 245 395 25 244 331 334 26 155 308 4
1326 180 74 162 283 12 110 186 245 395 25 244 331 334 26 155 305 4
1327 180 74 160 284 12 110 186 246 396 25 244 333 333 27 157 309 4
1328 182 70 160 291 13 109 185 247 334 27 156 307 398 26 241 332 4
1329 185 71 157 290 14 110 184 246 398 26 240 333 334 28 155 306 4
1330 188 73 157 289 13 110 185 248 398 25 240 334 333 28 155 311 4
1331 182 72 163 287 14 109 183 247 398 25 240 333 335 28 153 311 4
1332 177 73 165 289 16 111 179 246 335 27 151 315 401 24 237 335 4
1333 184 74 154 288 19 111 176 246 334 26 153 317 400 22 238 337 4
1334 19 109 175 246 180 74 155 285 334 25 152 314 402 22 236 337 4
1335 182 74 153 282 18 111 176 244 334 25 150 314 402 23 236 336 4
1336 185 77 150 281 18 112 178 245 334 26 149 307 390 24 247 335 4
1337 187 76 150 280 17 111 178 245 335 25 146 312 387 24 251 332 4
1338 192 76 146 278 18 109 176 246 337 23 145 306 373 26 263 330 4
1339 195 78 144 275 17 110 177 244 338 24 142 300 375 25 261 334 4
1340 194 76 145 278 17 110 176 244 337 25 144 299 379 25 256 333 4
1341 193 77 146 274 17 110 177 244 336 25 145 293 372 27 263 333 4
1342 194 76 145 276 336 26 145 299 377 27 256 330 16 109 178 244 4
1343 194 75 146 280 15 111 181 242 335 26 144 309 379 27 254 330 4
1344 335 27 143 305 15 110 182 243 192 75 146 278 388 25 244 337 4
1345 192 74 146 278 335 26 141 309 14 110 183 244 397 23 234 336 4
1346 334 26 143 310 192 74 147 278 14 109 183 245 398 24 233 334 4
1347 191 74 147 280 334 27 139 299 14 109 181 246 395 25 236 333 4
1348 335 25 137 296 191 74 147 278 14 108 182 246 395 25 235 331 4
1349 334 25 136 300 190 74 146 280 15 108 178 247 394 26 234 332 4
1350 334 23 136 302 191 75 146 279 14 108 178 248 394 27 233 331 4
1351 332 23 138 306 14 107 179 248 189 75 149 278 397 26 227 332 4
1352 333 23 135 301 14 107 179 249 190 74 149 281 396 27 228 330 4
1353 334 26 134 295 13 106 180 251 190 73 148 283 396 27 229 332 4
1354 333 26 135 291 14 105 180 252 189 71 147 284 396 26 228 332 4
1355 333 27 136 291 13 105 180 251 187 74 148 281 394 26 231 330 4
1356 332 27 136 292 187 73 143 283 13 104 180 251 396 26 229 330 4
1357 332 26 136 295 14 104 179 251 187 74 144 282 397 27 228 330 4
1358 331 25 138 295 14 105 179 250 183 72 147 284 395 26 227 329 4
1359 331 25 138 299 184 70 146 286 14 104 179 251 397 25 228 330 4
1360 332 24 135 300 183 72 147 283 14 104 178 251 396 24 228 331 4
1361 332 24 136 304 183 73 146 283 14 104 178 251 395 24 233 332 4
1362 183 72 147 287 14 104 178 251 333 26 134 301 395 24 234 332 4
1363 182 75 147 283 15 104 176 251 333 27 140 302 398 20 233 334 4
1364 182 73 148 286 333 27 143 304 15 105 176 249 399 21 232 333 4
1365 184 74 150 283 334 29 141 300 14 106 178 249 394 23 237 333 4
1366 184 72 149 286 333 28 142 302 15 107 177 247 390 23 242 333 4
1367 181 71 148 287 332 27 144 303 15 107 177 248 386 23 248 333 4
1368 182 70 150 288 334 27 143 302 15 107 177 247 385 22 249 334 4
1369 183 72 153 285 334 27 143 299 15 106 178 248 385 20 250 335 4
1370 181 72 149 284 333 26 145 298 15 109 178 246 383 22 251 334 4
1371 182 73 152 282 332 26 144 299 16 109 176 247 380 21 254 334 4
1372 182 74 150 283 332 26 144 300 16 109 176 246 382 23 252 331 4
1373 182 78 152 275 16 109 176 246 331 26 142 304 393 20 242 336 4
1374 181 78 152 275 332 26 141 302 17 110 175 245 393 19 240 336 4
1375 180 77 153 278 331 24 141 334 17 111 177 244 387 18 245 339 4
1376 181 76 152 279 333 25 138 334 18 110 176 244 382 21 249 336 4
1377 18 111 176 245 182 77 149 280 333 26 137 335 379 24 252 333 4
1378 19 111 175 244 332 27 137 334 184 78 146 279 378 28 254 327 4
1379 19 111 176 244 333 26 137 334 183 78 149 279 373 31 259 326 4
1380 333 27 134 333 20 110 175 245 184 78 149 279 374 32 258 327 4
1381 334 25 133 335 21 110 176 246 183 79 150 277 376 31 255 327 4
1382 334 25 132 334 22 111 174 247 185 81 148 273 377 30 254 326 4
1383 334 25 133 333 23 112 175 246 185 80 144 276 374 28 259 326 4
1384 333 27 134 330 23 111 174 247 185 79 144 277 385 26 251 330 4
1385 22 111 176 246 333 29 136 327 187 78 144 279 387 26 253 328 4
1386 334 29 138 326 22 112 177 244 185 78 147 278 370 30 271 325 4
1387 22 112 177 243 336 29 139 324 185 78 152 278 376 30 267 325 4
1388 22 111 177 244 337 28 140 325 186 78 154 278 386 29 259 327 4
1389 21 111 178 246 337 28 142 323 186 78 152 278 385 32 259 324 4
1390 22 112 178 245 336 28 148 325 188 78 150 278 385 34 258 323 4
1391 21 112 178 245 336 29 152 326 188 79 150 276 390 35 254 322 4
1392 18 113 179 245 336 29 153 326 185 80 151 274 389 35 253 322 4
1393 16 110 181 247 335 28 155 327 184 80 152 274 393 34 250 323 4
1394 15 109 180 246 336 27 155 329 183 80 155 274 390 34 253 325 4
1395 17 109 177 247 335 26 156 333 185 80 151 275 395 31 249 329 4
1396 17 110 179 246 335 26 157 333 187 79 150 276 396 31 249 330 4
1397 19 109 179 246 335 27 157 332 186 80 150 275 396 32 249 329 4
1398 17 109 180 248 335 27 156 333 187 80 149 275 395 31 250 330 4
1399 17 109 179 248 188 80 149 275 333 27 158 333 391 30 255 332 4
1400 20 108 176 248 188 80 147 275 333 26 158 333 389 30 256 333 4
1401 19 108 177 247 188 79 148 276 333 26 158 333 390 31 254 332 4
1402 17 106 181 249 188 80 147 274 333 26 159 331 387 31 257 331 4
1403 18 107 182 248 188 80 147 275 333 26 158 332 386 32 255 330 4
1404 19 107 180 248 189 80 146 275 333 26 158 332 388 32 254 330 4
1405 21 108 178 249 332 26 158 332 189 79 146 275 389 32 253 329 4
1406 20 107 180 252 188 79 147 276 332 26 158 332 389 32 254 328 4
1407 18 106 183 252 187 78 148 277 332 26 157 332 390 32 251 328 4
1408 16 109 185 248 333 26 157 332 188 78 147 278 389 33 252 328 4
1409 16 108 184 247 188 78 148 279 333 26 157 332 388 36 254 324 4
1410 16 109 183 247 186 79 149 277 334 26 157 333 389 36 254 323 4
1411 14 109 184 247 185 78 148 276 333 26 157 333 386 36 257 324 4
1412 14 110 183 247 184 76 152 279 334 27 155 318 392 37 253 321 4
1413 14 110 184 245 184 76 148 280 332 26 157 320 393 38 252 320 4
1414 15 109 182 246 188 77 147 278 332 25 157 323 394 37 251 321 4
1415 186 77 147 279 16 109 181 248 332 26 157 321 395 39 249 319 4
1416 187 77 146 280 18 109 181 249 332 27 157 317 394 37 250 323 4
1417 189 76 148 282 23 109 176 250 332 27 156 317 392 36 252 324 4
1418 188 75 150 285 23 110 178 250 330 27 157 313 390 36 253 323 4
1419 185 72 153 291 27 112 176 247 332 29 156 303 387 36 256 323 4
1420 185 71 155 291 30 112 179 247 332 29 156 303 386 35 257 325 4
1421 29 110 181 247 182 70 160 292 332 26 156 307 385 35 258 324 4
1422 30 110 178 248 172 68 169 290 330 27 157 308 388 36 255 324 4
1423 30 111 175 247 174 71 164 284 331 27 157 310 389 36 255 323 4
1424 30 112 174 248 175 70 163 284 329 27 158 311 389 35 255 325 4
1425 29 111 170 247 178 70 154 283 325 25 162 318 390 35 254 324 4
1426 28 112 170 245 172 71 165 282 328 26 159 319 393 35 250 323 4
1427 26 113 170 243 170 70 167 282 329 27 158 319 390 36 252 321 4
1428 24 114 168 243 170 70 167 283 330 28 157 319 385 37 258 322 4
1429 22 113 170 242 167 69 173 285 331 26 156 323 386 37 256 321 4
1430 163 66 182 291 20 111 173 243 332 27 155 321 384 37 259 323 4
1431 161 65 186 294 19 110 171 245 331 26 155 322 385 36 260 324 4
1432 169 66 173 295 19 112 173 245 329 26 158 324 387 37 259 323 4
1433 180 72 152 285 17 112 178 244 329 26 159 326 384 37 262 321 4
1434 182 72 151 283 17 112 177 244 329 25 158 327 384 37 263 322 4
1435 182 73 149 283 17 112 177 245 329 25 158 328 383 38 264 321 4
1436 182 76 149 279 17 114 175 242 328 24 160 330 385 38 261 322 4
1437 183 76 150 280 17 113 175 243 330 24 159 331 388 39 260 320 4
1438 183 76 148 279 17 114 175 242 390 38 258 321 329 23 160 333 4
1439 181 78 151 277 17 114 175 242 329 23 159 332 389 38 259 321 4
1440 178 79 155 275 17 116 173 238 329 24 160 330 391 38 258 321 4
1441 178 81 156 271 16 115 174 239 391 39 258 320 329 25 159 328 4
1442 16 115 174 240 177 82 154 272 330 24 159 328 391 38 259 321 4
1443 15 116 175 237 328 25 161 326 393 37 255 322 174 81 159 273 4
1444 15 117 176 236 174 80 161 274 328 25 161 327 393 37 255 322 4
1445 15 117 177 236 178 81 157 272 327 25 162 328 392 37 256 323 4
1446 178 80 157 274 16 115 176 239 328 25 161 328 391 37 256 323 4
1447 15 114 176 241 179 82 159 271 329 25 160 329 389 37 258 321 4
1448 15 114 176 242 182 82 157 270 329 26 160 327 388 36 258 323 4
1449 15 112 178 244 183 81 156 272 330 26 160 328 387 37 259 323 4
1450 15 112 179 243 183 82 154 268 330 26 160 328 387 37 259 322 4
1451 15 111 178 244 183 84 151 265 329 26 161 327 387 37 259 322 4
1452 16 111 176 245 182 83 153 266 328 26 162 328 389 38 257 321 4
1453 16 110 175 245 185 82 151 269 328 26 163 328 390 37 256 322 4
1454 15 113 176 242 328 27 163 326 186 79 152 272 393 37 253 322 4
1455 15 113 176 241 329 27 162 325 186 79 152 274 393 38 252 320 4
1456 15 111 176 243 329 27 161 325 185 79 151 273 392 37 253 321 4
1457 15 113 176 242 186 80 150 272 328 27 161 325 392 37 253 322 4
1458 15 114 177 241 186 80 148 271 328 26 162 327 392 37 252 322 4
1459 15 114 177 240 186 81 147 270 327 26 163 326 391 37 253 322 4
1460 331 27 159 331 184 82 151 269 14 113 178 241 386 38 257 321 4
1461 331 26 159 331 15 113 178 241 184 81 150 272 386 38 256 321 4
1462 331 27 159 330 15 113 178 241 185 79 149 274 389 37 255 322 4
1463 332 28 159 329 15 113 177 241 184 78 150 277 387 37 257 323 4
1464 15 113 177 241 332 27 158 330 183 76 150 278 386 37 257 322 4
1465 183 78 151 278 15 113 177 241 330 26 160 333 388 37 255 323 4
1466 182 78 153 277 14 112 178 241 331 26 160 334 388 37 255 323 4
1467 182 79 153 275 331 26 160 334 14 112 178 241 388 37 256 323 4
1468 184 78 152 277 330 25 161 335 15 112 177 241 389 37 255 322 4
1469 186 74 150 281 330 25 160 335 15 111 179 243 389 37 255 323 4
1470 186 74 149 280 330 25 160 335 15 112 179 242 388 38 257 322 4
1471 186 76 148 277 331 25 160 335 15 112 179 241 387 37 258 323 4
1472 188 77 146 275 331 25 159 334 15 112 179 242 388 37 257 323 4
1473 331 25 159 333 16 112 179 243 189 78 142 274 387 37 258 323 4
1474 16 113 180 242 331 25 159 334 190 79 144 272 388 36 257 324 4
1475 16 113 180 242 330 24 160 335 189 80 144 270 389 37 256 323 4
1476 15 113 180 242 330 24 159 336 189 80 144 270 389 37 256 323 4
1477 16 113 180 243 331 23 160 337 188 79 144 270 389 37 256 322 4
1478 15 113 180 242 331 23 160 337 188 78 148 273 390 38 256 322 4
1479 15 113 181 242 332 23 159 337 187 79 149 271 391 38 257 321 4
1480 15 113 180 241 332 24 159 337 188 81 147 269 391 37 256 323 4
1481 16 112 180 243 332 23 159 338 189 81 145 269 392 36 255 324 4
1482 17 112 179 244 332 24 159 337 189 82 145 269 392 37 255 323 4
1483 17 111 178 245 190 82 145 268 332 24 159 337 392 37 255 323 4
1484 17 111 178 245 190 81 144 269 332 24 159 337 391 37 256 322 4
1485 17 111 180 245 191 81 144 270 332 24 159 337 391 37 256 322 4
1486 191 83 144 269 18 111 179 246 332 24 160 336 392 38 255 321 4
1487 193 83 143 268 18 110 180 247 331 24 160 337 392 37 255 323 4
1488 193 82 144 270 18 109 179 248 332 24 160 337 392 38 255 321 4
1489 192 82 144 270 19 109 178 248 332 23 161 338 393 38 254 321 4
1490 19 109 179 248 193 82 143 271 332 23 160 338 393 38 255 322 4
1491 195 83 141 269 20 109 179 248 332 24 160 338 393 38 254 322 4
1492 20 109 178 248 195 84 142 268 332 23 160 337 393 38 255 322 4
1493 21 108 177 251 196 84 142 267 332 23 161 337 392 37 257 323 4
1494 21 107 179 251 197 84 142 267 332 23 160 338 391 37 258 323 4
1495 21 107 180 252 196 84 143 267 332 23 160 338 391 37 258 323 4
1496 21 108 180 251 196 84 143 267 332 23 160 339 390 37 259 323 4
1497 196 85 143 266 22 108 181 250 333 22 159 339 390 37 258 323 4
1498 21 108 180 250 194 84 144 267 333 22 159 339 390 38 258 322 4
1499 194 84 144 266 21 109 181 249 332 22 159 339 390 38 259 322 4
1500 194 84 144 267 21 108 181 249 332 22 160 340 390 38 259 321 4
1501 194 84 144 267 21 109 182 249 332 22 160 340 390 38 259 322 4
1502 21 108 182 250 193 84 144 267 332 22 160 339 392 38 257 322 4
1503 21 108 182 249 193 84 145 267 332 22 160 339 392 37 257 322 4
1504 21 109 183 248 193 84 145 267 332 22 159 338 392 38 256 322 4
1505 22 109 183 248 193 84 144 267 332 22 159 339 392 38 256 322 4
1506 22 109 184 249 194 84 144 266 332 22 160 340 392 38 256 321 4
1507 23 109 183 249 194 84 143 267 332 22 160 340 391 38 257 321 4
1508 23 109 184 249 193 84 144 266 331 22 161 340 392 38 257 321 4
1509 22 111 184 247 193 84 144 267 331 22 161 340 391 38 257 321 4
1510 23 110 184 248 192 85 144 267 332 22 160 340 391 38 257 321 4
1511 22 111 184 247 192 85 144 267 332 22 160 340 390 38 257 321 4
1512 22 110 183 247 193 84 143 267 332 22 160 340 390 37 258 322 4
1513 22 111 183 247 194 85 143 266 332 22 160 339 391 38 257 322 4
1514 22 112 183 245 195 85 143 266 332 22 160 340 391 38 256 322 4
1515 195 86 143 265 22 112 183 244 332 22 160 340 390 38 257 321 4
1516 196 86 143 264 23 112 184 245 332 22 160 340 390 38 257 321 4
1517 197 87 143 264 23 113 185 244 331 22 160 340 390 38 258 321 4
1518 196 87 143 264 22 113 187 243 332 22 160 339 391 38 256 321 4
1519 196 86 143 265 21 113 187 244 331 22 160 339 391 38 257 320 4
1520 195 86 144 265 21 113 186 245 332 22 160 339 390 38 258 321 4
1521 196 86 144 265 20 114 187 245 332 22 160 339 390 37 258 324 4
1522 196 86 144 264 20 115 185 244 332 22 159 340 392 37 256 323 4
1523 196 87 144 264 20 115 185 244 332 22 160 339 392 37 256 323 4
1524 197 87 144 263 20 115 185 245 331 22 160 340 392 37 256 322 4
1525 198 87 144 263 20 115 185 245 331 22 160 340 390 37 257 322 4
1526 198 87 144 263 19 115 185 245 331 22 161 340 391 38 256 322 4
1527 197 87 144 262 19 114 185 245 331 22 160 340 392 37 256 322 4
1528 197 87 143 262 20 114 185 245 331 22 161 340 393 37 255 322 4
1529 197 86 143 264 20 114 184 245 331 22 161 339 392 37 256 322 4
1530 20 114 184 245 196 86 144 263 331 22 161 340 392 37 256 322 4
1531 197 86 144 264 21 114 184 245 331 22 161 339 393 37 255 323 4
1532 196 87 144 263 21 114 184 245 331 23 162 339 394 37 255 322 4
1533 197 87 144 262 20 114 185 246 331 23 161 338 393 38 255 322 4
1534 19 115 184 246 196 87 145 263 331 23 162 338 392 38 256 322 4
1535 18 114 184 246 197 87 145 263 331 24 162 338 392 38 256 322 4
1536 202 81 144 278 18 114 183 246 330 24 163 332 394 38 255 320 4
1537 18 114 183 246 200 78 145 281 330 24 163 333 393 39 256 320 4
1538 201 77 144 284 18 114 181 246 331 25 162 331 393 39 256 319 4
1539 198 75 143 284 17 114 180 246 330 25 164 330 392 39 257 320 4
1540 196 80 144 278 17 114 181 244 331 25 163 330 391 38 258 320 4
1541 16 114 183 243 192 82 147 274 330 25 164 330 391 38 257 320 4
1542 17 114 182 243 193 81 143 276 328 25 165 330 392 39 257 320 4
1543 15 114 182 242 187 80 145 277 329 26 164 330 393 39 257 320 4
1544 15 114 181 243 187 80 144 277 329 26 163 329 392 39 257 319 4
1545 15 113 180 243 187 80 145 276 329 27 162 324 392 40 257 316 4
1546 15 113 178 244 188 81 143 275 329 27 161 324 390 38 258 319 4
1547 15 113 178 243 186 80 145 278 329 26 162 325 391 38 257 321 4
1548 16 113 176 243 183 79 148 280 329 26 163 325 392 36 256 322 4
1549 17 113 176 243 184 79 148 279 328 27 163 324 391 36 255 323 4
1550 16 114 178 242 183 80 148 276 327 27 165 325 392 35 256 324 4
1551 16 114 179 242 184 79 147 278 327 27 164 324 393 35 255 325 4
1552 15 114 179 243 184 81 147 275 326 27 166 325 393 35 255 325 4
1553 16 114 181 244 327 27 165 325 187 79 145 277 391 35 257 325 4
1554 16 115 181 243 327 27 165 326 187 79 145 275 389 35 259 325 4
1555 17 114 180 242 186 78 149 277 329 27 162 325 388 35 259 324 4
1556 17 114 180 243 187 78 147 276 329 26 162 327 388 34 259 325 4
1557 18 114 179 244 330 27 159 325 186 79 149 279 383 36 262 322 4
1558 20 113 178 248 191 77 142 279 332 26 158 325 385 34 258 326 4
1559 19 113 178 248 190 73 145 287 331 25 157 327 386 34 256 325 4
1560 20 113 179 247 191 74 145 285 331 25 156 327 386 34 256 324 4
1561 20 114 180 246 188 76 145 281 331 26 157 327 386 33 257 325 4
1562 20 114 180 246 189 76 144 284 333 26 154 326 388 34 254 323 4
1563 20 114 180 246 189 76 144 283 332 26 153 324 387 36 256 321 4
1564 20 114 179 247 190 76 144 282 332 26 154 325 392 35 249 321 4
1565 20 114 179 247 191 76 142 283 332 26 154 324 394 35 247 321 4
1566 19 115 179 246 191 75 141 283 331 26 153 325 396 32 245 325 4
1567 19 115 178 246 190 75 140 282 330 28 153 323 398 30 242 325 4
1568 19 115 178 245 186 77 144 279 332 28 151 320 399 31 241 324 4
1569 18 115 178 245 332 30 150 314 186 77 144 279 399 31 240 323 4
1570 18 115 178 245 331 31 150 312 187 77 144 281 398 30 242 325 4
1571 18 115 177 245 330 31 151 310 186 76 146 282 395 29 244 326 4
1572 18 115 176 245 328 31 153 308 187 76 147 282 393 30 246 324 4
1573 18 114 176 246 331 32 150 306 187 74 147 286 380 32 258 322 4
1574 331 31 151 306 19 114 176 245 185 73 149 287 373 32 265 324 4
1575 331 30 151 322 19 113 175 245 184 78 151 277 367 33 273 323 4
1576 332 29 151 323 18 113 178 246 186 77 149 277 368 34 272 322 4
1577 332 29 151 322 18 113 178 246 185 77 151 280 364 36 277 318 4
1578 333 30 151 322 184 78 151 279 18 113 178 246 363 36 278 318 4
1579 332 30 151 322 185 79 150 277 18 113 177 247 364 35 277 318 4
1580 331 29 153 323 184 80 150 275 18 113 176 246 363 34 277 321 4
1581 187 77 142 280 18 113 176 245 329 31 153 289 382 31 258 322 4
1582 188 75 142 282 18 113 176 245 329 30 153 293 386 29 255 325 4
1583 190 75 141 283 18 113 176 245 330 30 153 292 388 29 253 326 4
1584 190 75 142 284 18 113 176 246 330 29 153 298 391 28 252 327 4
1585 190 76 143 281 18 113 176 245 330 27 152 297 395 27 247 329 4
1586 189 77 144 280 18 113 176 246 332 27 150 295 396 27 247 330 4
1587 189 78 146 278 18 114 176 246 329 28 156 302 392 28 252 329 4
1588 189 78 144 278 18 113 177 246 324 29 162 303 395 28 247 326 4
1589 188 78 146 278 319 31 169 298 17 113 177 246 375 28 265 326 4
1590 190 78 146 279 17 113 177 247 315 32 173 294 378 28 262 324 4
1591 188 77 146 281 17 113 177 246 310 31 181 297 385 28 254 323 4
1592 187 77 147 283 17 113 177 247 308 31 185 295 378 28 261 321 4
1593 187 78 145 280 307 30 187 301 17 113 177 246 371 29 267 320 4
1594 189 77 143 285 280 27 212 298 18 113 177 246 370 28 270 321 4
1595 189 78 143 282 273 27 222 297 18 113 177 245 301 29 357 326 4
1596 189 80 141 281 270 26 227 300 18 114 177 245 370 29 271 320 4
1597 189 80 141 281 17 114 179 245 264 27 235 305 376 29 265 320 4
1598 189 82 140 277 17 114 179 245 265 23 233 310 380 27 262 322 4
1599 190 82 141 276 264 19 236 314 17 113 179 246 377 28 264 319 4
1600 191 82 138 277 264 19 235 314 17 113 178 245 380 28 261 321 4
1601 193 83 137 278 17 112 179 246 261 20 239 312 386 28 255 321 4
1602 193 83 138 277 17 111 179 247 255 20 244 315 390 29 252 320 4
1603 194 85 137 273 16 112 180 246 249 22 249 305 390 28 252 322 4
1604 193 84 138 275 17 111 180 247 253 21 243 305 388 28 254 322 4
1605 195 84 138 274 17 111 181 247 250 20 247 307 390 28 252 324 4
1606 192 85 141 273 17 110 181 248 253 17 246 316 389 28 253 324 4
1607 191 82 142 274 254 16 245 317 17 109 180 248 383 29 260 323 4
1608 194 82 138 277 17 110 180 247 255 16 243 314 377 30 265 321 4
1609 193 81 139 279 257 16 241 320 17 110 180 247 375 30 265 322 4
1610 192 83 140 274 17 109 181 248 256 18 244 315 368 29 272 324 4
1611 193 85 140 272 16 110 183 248 251 19 249 310 365 30 276 322 4
1612 192 82 139 276 17 111 182 245 251 19 251 308 370 30 269 322 4
1613 194 81 135 280 17 112 182 245 257 16 245 316 371 31 268 321 4
1614 190 79 139 284 17 112 179 244 263 18 237 311 311 31 337 325 4
1615 188 78 141 282 17 111 180 245 269 20 230 309 307 31 344 324 4
1616 188 77 139 283 279 18 217 309 18 110 179 247 306 31 346 326 4
1617 187 78 140 280 312 19 189 261 18 111 179 246 305 29 348 329 4
1618 188 78 139 279 17 111 179 246 320 22 182 309 369 31 272 322 4
1619 189 79 139 276 18 111 179 246 330 21 171 307 367 30 273 324 4
1620 189 79 141 278 18 111 177 246 337 22 162 303 374 29 265 328 4
1621 189 78 141 278 18 111 178 246 338 20 162 309 379 29 260 329 4
1622 189 79 142 277 18 111 178 246 339 22 159 305 381 29 258 329 4
1623 190 80 140 275 18 110 178 247 339 22 160 303 383 30 257 328 4
1624 190 81 140 273 18 110 178 246 339 23 160 300 387 31 254 327 4
1625 190 81 140 275 18 110 178 246 339 24 160 302 383 31 256 328 4
1626 190 81 141 274 18 110 178 246 340 24 160 301 384 32 256 327 4
1627 190 81 140 274 18 110 178 246 339 22 161 306 386 31 255 327 4
1628 191 81 142 275 18 110 177 247 339 23 160 306 389 31 253 329 4
1629 191 81 143 273 18 110 177 247 340 24 160 304 389 30 253 330 4
1630 191 81 143 274 18 110 178 247 341 26 159 301 390 30 252 330 4
1631 190 80 144 275 18 111 179 246 342 27 159 299 390 31 253 329 4
1632 189 80 145 274 18 110 178 246 343 28 158 292 388 31 255 329 4
1633 189 79 146 276 18 110 178 247 344 28 158 293 389 30 255 330 4
1634 189 79 146 277 18 109 179 247 344 28 159 295 388 30 257 330 4
1635 191 79 145 277 18 109 179 247 345 27 159 299 386 30 258 330 4
1636 190 78 144 278 18 109 179 247 346 27 159 301 386 29 259 331 4
1637 190 79 145 277 18 109 179 246 346 26 159 303 385 29 259 331 4
1638 190 78 145 277 18 109 179 247 346 26 160 302 386 29 258 332 4
1639 190 79 146 276 18 110 179 246 346 27 160 303 385 29 260 331 4
1640 190 79 147 276 18 110 179 246 347 27 159 302 384 30 259 332 4
1641 190 79 146 275 18 109 179 246 347 27 159 299 383 30 260 331 4
1642 190 79 146 276 18 109 179 246 347 29 159 296 380 30 262 330 4
1643 189 80 147 273 18 109 179 246 347 28 159 298 383 30 260 331 4
1644 189 81 147 273 18 109 179 247 348 29 159 296 386 31 258 331 4
1645 17 110 181 247 187 84 150 270 346 23 160 335 399 31 246 333 4
1646 17 109 181 248 187 83 150 270 345 24 161 333 400 32 245 331 4
1647 17 109 181 248 187 82 150 272 346 26 161 330 394 32 252 330 4
1648 17 109 182 249 187 79 151 276 346 24 160 334 396 32 249 331 4
1649 18 109 181 249 187 80 150 275 343 24 163 335 396 32 249 331 4
1650 18 108 180 250 187 76 148 279 343 25 161 331 395 32 250 331 4
1651 186 74 148 280 18 108 181 250 339 25 165 332 396 33 249 329 4
1652 0
1653 0
1654 0
1655 0
1656 0
1657 0
1658 0
1659 0
1660 0
1661 0
1662 0
1663 0
1664 0
1665 0
1666 0
1667 0
1668 0
1669 0
1670 0
1671 0
1672 0
1673 0
1674 0
1675 0
1676 0
1677 0
1678 0
1679 0
1680 0
1681 0
1682 0
1683 0
1684 0
1685 0
1686 0
1687 0
1688 0
1689 0
1690 0
1691 0
1692 0
1693 0
1694 0
1695 0
1696 0
1697 0
1698 0
1699 0
1700 0
1701 0
1702 0
1703 0
1704 0
1705 0
1706 0
1707 0
1708 0
1709 0
1710 0
1711 0
1712 0
1713 0
1714 0
1715 0
1716 0
1717 0
1718 0
1719 323 74 60 283 1
1720 290 62 87 305 1
1721 255 65 131 301 1
1722 247 69 134 291 1
1723 247 67 135 294 1
1724 244 69 137 292 1
1725 238 69 143 292 1
1726 224 71 158 288 1
1727 217 72 165 287 1
1728 196 74 182 288 1
1729 191 78 187 280 1
1730 192 77 187 282 1
1731 191 74 191 286 1
1732 212 71 176 289 1
1733 213 71 174 288 1
1734 211 70 176 288 1
1735 192 69 192 293 1
1736 212 70 172 289 1
1737 214 71 168 288 1
1738 196 74 178 287 1
1739 196 77 170 284 1
1740 196 81 164 276 1
1741 198 82 157 276 1
1742 197 79 154 278 1
1743 198 78 149 278 1
1744 192 77 147 280 1
1745 190 76 145 281 1
1746 182 74 149 284 1
1747 179 74 144 283 1
1748 164 80 150 272 1
1749 158 78 150 274 1
1750 153 76 154 279 1
1751 149 75 156 284 1
1752 131 71 171 290 1
1753 121 71 179 291 1
1754 115 69 184 291 1
1755 112 68 187 292 1
1756 65 69 235 290 1
1757 53 67 246 291 1
1758 52 68 245 287 1
1759 48 66 249 292 1
1760 50 64 247 291 1
1761 88 62 198 297 1
1762 80 66 214 290 1
1763 75 61 224 299 1
1764 82 60 210 298 1
1765 105 61 168 295 1
1766 241 104 186 249 1
1767 242 104 185 250 1
1768 242 101 186 253 1
1769 239 102 193 252 1
1770 240 97 192 256 1
1771 240 93 192 261 1
1772 238 92 192 262 1
1773 238 92 194 261 1
1774 236 91 200 262 1
1775 236 90 201 264 1
1776 236 91 204 263 1
1777 234 87 208 267 1
1778 235 82 204 275 1
1779 237 80 203 277 1
1780 236 78 202 282 1
1781 237 78 201 283 1
1782 236 78 203 283 1
1783 235 77 207 287 1
1784 235 76 208 288 1
1785 235 79 209 284 1
1786 235 81 207 279 1
1787 236 79 200 280 1
1788 242 78 195 285 1
1789 242 79 196 282 1
1790 258 80 187 278 1
1791 258 82 194 275 1
1792 250 80 205 279 1
1793 246 76 211 285 1
1794 242 74 215 288 1
1795 229 74 217 294 1
1796 226 70 217 293 1
1797 226 67 212 294 1
1798 238 68 190 295 1
1799 240 69 186 295 1
1800 243 70 179 291 1
1801 246 71 174 291 1
1802 247 73 172 290 1
1803 247 75 172 288 1
1804 249 76 169 286 1
1805 254 81 161 279 1
1806 256 82 158 277 1
1807 258 82 155 276 1
1808 261 83 152 277 1
1809 263 82 150 277 1
1810 264 83 148 275 1
1811 263 82 150 277 1
1812 264 85 149 273 1
1813 264 86 149 271 1
1814 263 86 152 273 1
1815 264 87 150 271 1
1816 262 85 152 275 1
1817 264 86 151 273 1
1818 265 87 150 271 1
1819 265 85 151 274 1
1820 271 86 154 270 1
1821 269 86 158 272 1
1822 268 88 161 269 1
1823 267 89 165 266 1
1824 263 89 171 266 1
1825 263 90 174 266 1
1826 262 92 174 264 1
1827 259 92 178 265 1
1828 258 94 180 265 1
1829 257 95 185 264 1
1830 255 94 190 265 1
1831 253 92 197 269 1
1832 250 90 205 273 1
1833 249 88 206 275 1
1834 250 85 205 277 1
1835 248 85 209 277 1
1836 248 83 210 279 1
1837 247 85 214 277 1
1838 245 85 218 276 1
1839 246 84 218 277 1
1840 248 85 216 274 1
1841 249 87 217 272 1
1842 254 85 214 275 1
1843 256 86 216 273 1
1844 258 87 216 273 1
1845 261 86 214 273 1
1846 260 88 216 272 1
1847 261 87 214 273 1
1848 262 88 212 272 1
1849 262 88 213 273 1
1850 264 87 210 273 1
1851 264 87 207 273 1
1852 265 88 205 272 1
1853 266 87 205 271 1
1854 266 86 201 273 1
1855 266 86 200 274 1
1856 268 85 197 275 1
1857 268 84 194 276 1
1858 265 82 194 279 1
1859 261 81 200 280 1
1860 262 86 192 274 1
1861 262 93 190 264 1
1862 265 93 184 264 1
1863 265 96 181 261 1
1864 264 96 171 259 1
1865 265 97 167 258 1
1866 267 98 164 257 1
1867 266 98 166 255 1
1868 265 97 168 258 1
1869 264 98 168 259 1
1870 264 96 169 259 1
1871 263 96 171 259 1
1872 263 94 172 261 1
1873 261 93 176 261 1
1874 261 93 178 261 1
1875 260 92 180 262 1
1876 258 92 184 262 1
1877 259 91 184 264 1
1878 261 92 182 262 1
1879 260 91 188 266 1
1880 259 93 188 263 1
1881 259 93 193 263 1
1882 261 93 194 264 1
1883 259 91 199 266 1
1884 260 90 199 267 1
1885 259 91 203 267 1
1886 260 91 203 268 1
1887 258 91 207 268 1
1888 258 91 206 267 1
1889 259 91 202 268 1
1890 259 90 201 268 1
1891 258 90 200 269 1
1892 258 90 201 269 1
1893 257 90 202 270 1
1894 259 88 197 272 1
1895 259 88 197 271 1
1896 259 87 196 274 1
1897 259 87 196 273 1
1898 258 86 196 274 1
1899 258 88 194 273 1
1900 258 87 192 273 1
1901 256 86 194 274 1
1902 258 85 189 272 1
1903 256 84 191 274 1
1904 255 84 193 275 1
1905 255 83 192 277 1
1906 255 81 192 278 1
1907 256 82 189 277 1
1908 257 83 187 276 1
1909 257 83 185 274 1
1910 258 83 183 275 1
1911 251 80 176 282 1
1912 251 81 174 280 1
1913 252 84 172 277 1
1914 252 86 172 276 1
1915 252 87 172 274 1
1916 295 101 87 217 1
1917 295 101 87 216 1
1918 295 102 88 215 1
1919 296 101 86 216 1
1920 296 101 85 217 1
1921 296 101 84 216 1
1922 297 100 82 218 1
1923 297 100 81 219 1
1924 297 101 81 218 1
1925 297 101 81 217 1
1926 297 101 81 216 1
1927 297 101 82 217 1
1928 297 101 81 216 1
1929 297 101 81 216 1
1930 296 101 82 215 1
1931 296 101 82 216 1
1932 296 101 83 215 1
1933 295 101 84 215 1
1934 295 102 84 214 1
1935 295 103 84 212 1
1936 295 102 85 213 1
1937 295 102 84 213 1
1938 295 102 85 215 1
1939 295 102 85 214 1
1940 295 101 85 215 1
1941 295 101 86 215 1
1942 295 102 85 215 1
1943 296 101 84 215 1
1944 295 101 85 215 1
1945 296 101 84 215 1
1946 296 101 84 215 1
1947 296 102 83 214 1
1948 296 102 83 214 1
1949 296 102 83 214 1
1950 296 101 83 214 1
1951 296 101 83 214 1
1952 295 101 83 214 1
1953 295 101 84 214 1
1954 295 101 84 214 1
1955 295 102 84 214 1
1956 295 102 84 212 1
1957 294 103 84 212 1
1958 294 103 84 211 1
1959 294 103 85 210 1
1960 294 103 85 210 1
1961 293 103 85 209 1
1962 293 104 85 208 1
1963 292 103 87 209 1
1964 290 104 89 208 1
1965 289 104 90 208 1
1966 286 103 92 208 1
1967 283 105 96 207 1
1968 281 104 96 208 1
1969 279 105 96 206 1
1970 278 105 98 205 1
1971 277 107 97 202 1
1972 278 108 94 202 1
1973 280 107 92 202 1
1974 286 109 85 200 1
1975 287 107 83 204 1
1976 289 107 79 204 1
1977 289 105 78 205 1
1978 295 105 73 187 1
1979 291 105 74 189 1
1980 286 105 78 190 1
1981 285 105 76 189 1
1982 283 106 79 190 1
1983 281 105 85 191 1
1984 274 108 82 183 1
1985 276 103 96 196 1
1986 272 104 102 194 1
1987 273 111 85 190 1
1988 271 112 83 190 1
1989 263 112 77 174 1
1990 262 110 76 182 1
1991 256 109 70 180 1
1992 259 108 62 183 1
1993 258 115 62 186 1
1994 255 111 64 191 1
1995 248 107 69 186 1
1996 245 110 63 180 1
1997 245 113 59 174 1
1998 236 114 62 175 1
1999 232 109 66 182 1
2000 228 106 70 186 1
2001 227 110 64 176 1
2002 226 111 64 172 1
2003 224 111 62 169 1
2004 221 112 60 169 1
2005 219 115 60 167 1
2006 214 111 55 171 1
2007 212 113 58 166 1
2008 209 114 59 159 1
2009 205 116 62 155 1
2010 203 117 66 153 1
2011 202 118 66 150 1
2012 201 119 67 147 1
2013 198 121 67 144 1
2014 199 121 65 142 1
2015 199 121 65 141 1
2016 198 121 68 141 1
2017 197 122 69 141 1
2018 196 124 70 138 1
2019 196 126 71 135 1
2020 196 126 71 134 1
2021 195 127 72 134 1
2022 195 126 71 135 1
2023 195 126 71 135 1
2024 195 125 69 136 1
2025 196 128 59 130 1
2026 196 128 59 130 1
2027 197 129 59 130 1
2028 196 125 69 137 1
2029 196 126 69 136 1
2030 196 126 69 136 1
2031 197 126 70 136 1
2032 197 127 71 134 1
2033 197 126 69 136 1
2034 197 124 67 138 1
2035 195 124 69 138 1
2036 195 124 71 138 1
2037 0
2038 0
2039 0
2040 0
2041 0
2042 0
2043 0
2044 0
2045 0
2046 0
2047 0
2048 0
2049 0
2050 0
2051 0
2052 0
2053 0
2054 0
2055 0
2056 0
2057 0
2058 0
2059 0
2060 0
2061 0
2062 0
2063 0
2064 0
2065 0
2066 0
2067 0
2068 0
2069 0
2070 0
2071 0
2072 0
2073 267 105 116 257 1
2074 267 105 116 257 1
2075 267 105 115 257 1
2076 267 106 115 255 1
2077 268 108 114 252 1
2078 268 109 114 250 1
2079 270 111 112 246 1
2080 271 110 110 248 1
2081 270 111 112 244 1
2082 272 112 110 242 1
2083 272 112 110 244 1
2084 272 113 109 243 1
2085 273 113 108 242 1
2086 273 112 107 244 1
2087 272 112 109 244 1
2088 273 113 108 243 1
2089 274 113 106 243 1
2090 274 113 104 242 1
2091 276 111 101 245 1
2092 276 112 98 244 1
2093 278 112 94 242 1
2094 279 110 93 249 1
2095 280 108 90 251 1
2096 280 107 87 254 1
2097 286 105 77 258 1
2098 292 103 65 264 1
2099 292 105 62 262 1
2100 271 105 82 259 1
2101 271 106 79 258 1
2102 274 108 74 253 1
2103 277 106 71 257 1
2104 279 102 68 268 1
2105 279 97 70 275 0 132 213 225 2
2106 278 97 71 274 0 126 226 235 2
2107 0 159 249 195 275 91 77 287 2
2108 278 91 73 288 0 168 253 185 2
2109 21 162 186 200 269 91 84 286 2
2110 275 94 77 280 77 166 187 196 2
2111 295 111 56 255 93 166 244 192 2
2112 292 109 63 255 113 161 234 196 2
2113 288 111 69 254 145 154 212 212 2
2114 283 115 83 245 143 160 227 203 2
2115 147 161 234 198 284 123 78 178 2
2116 273 123 87 181 148 157 234 201 2
2117 273 125 86 177 149 155 229 205 2
2118 272 124 89 176 150 151 228 211 2
2119 273 126 87 172 151 151 229 210 2
2120 273 125 88 174 152 153 232 208 2
2121 278 124 89 184 152 152 231 209 2
2122 246 136 148 201 149 152 233 210 279 122 89 187 3
2123 155 152 227 210 265 116 100 248 2
2124 156 148 220 216 265 117 100 245 2
2125 148 134 229 219 263 114 104 249 2
2126 150 131 227 223 271 117 107 244 2
2127 275 113 98 251 154 149 217 216 2
2128 279 117 91 249 159 149 211 216 2
2129 161 151 213 213 1
2130 273 117 83 195 173 158 191 206 2
2131 169 131 204 225 1
2132 269 117 87 151 191 133 173 227 2
2133 263 117 95 198 201 131 157 233 2
2134 267 116 93 156 209 128 154 232 2
2135 270 116 90 157 215 129 150 231 2
2136 397 151 28 130 241 119 122 247 2
2137 397 150 30 132 0 135 22 174 251 116 112 245 3
2138 0 138 29 194 259 124 104 234 2
2139 0 138 39 192 256 133 111 222 2
2140 0 139 40 192 256 124 114 241 2
2141 3 137 44 197 266 128 118 236 2
2142 365 157 36 70 400 151 41 76 0 136 42 200 248 153 165 218 4
2143 399 152 42 76 367 157 35 69 0 141 42 194 250 150 176 220 4
2144 399 152 45 77 368 153 30 72 2 141 46 192 246 125 182 230 4
2145 399 151 46 79 368 154 29 68 4 140 44 195 262 167 175 196 4
2146 399 151 45 78 368 155 29 63 4 140 44 187 274 129 158 229 4
2147 400 151 44 80 368 155 28 60 4 143 43 162 290 131 142 220 4
2148 401 151 42 81 369 155 27 61 297 142 138 199 6 138 40 190 4
2149 403 149 42 135 279 119 72 192 369 153 27 64 318 154 110 210 7 149 39 175 5
2150 405 149 39 136 278 119 74 189 369 153 27 66 12 159 34 165 320 156 106 211 5
2151 406 150 38 137 370 152 27 67 280 117 69 192 15 160 31 161 327 162 92 202 5
2152 407 150 37 137 278 116 72 196 17 160 30 161 330 161 89 200 4
2153 406 150 38 136 19 161 26 163 277 115 73 195 331 143 86 213 4
2154 410 150 35 134 275 117 77 191 333 144 86 210 3
2155 403 153 39 82 273 118 81 190 334 141 86 213 3
2156 404 153 39 81 270 118 90 193 336 141 87 214 3
2157 405 153 37 79 269 120 91 186 330 142 98 215 3
2158 409 152 34 80 265 121 99 186 334 144 100 212 3
2159 407 151 36 80 265 119 100 192 333 157 103 204 3
2160 407 151 36 81 264 118 102 190 336 160 104 205 3
2161 407 150 37 80 263 116 104 193 335 161 107 201 3
2162 407 149 38 84 263 117 104 194 358 160 87 199 3
2163 408 148 36 80 263 117 104 194 359 158 86 203 3
2164 410 148 35 79 261 118 107 191 366 156 79 206 3
2165 413 149 33 78 371 155 73 208 279 105 94 265 3
2166 425 150 21 68 371 154 75 208 281 104 93 265 3
2167 373 151 73 212 283 106 91 262 2
2168 373 152 74 210 283 104 91 264 2
2169 374 150 73 212 282 103 92 265 2
2170 374 151 76 211 281 100 95 272 2
2171 365 150 27 70 371 149 81 214 277 98 101 277 3
2172 365 149 26 69 372 147 78 217 276 108 103 253 3
2173 365 150 25 70 0 145 19 110 363 147 91 208 275 109 105 250 4
2174 0 148 21 106 371 151 82 200 275 110 105 249 3
2175 0 148 24 105 369 151 83 199 269 111 112 246 3
2176 0 162 28 94 373 155 79 201 269 111 113 245 3
2177 0 159 29 96 375 155 77 203 267 108 115 252 3
2178 0 156 29 102 373 150 78 200 265 109 119 249 3
2179 0 157 33 99 370 149 82 202 265 109 120 250 3
2180 0 152 35 100 370 149 82 202 265 109 120 251 3
2181 1 152 36 100 371 148 80 202 265 111 120 247 3
2182 2 154 38 97 371 149 80 202 266 111 119 246 3
2183 6 159 39 93 370 150 80 200 266 113 119 243 3
2184 8 154 39 96 369 150 82 200 267 113 117 241 3
2185 8 163 40 88 368 149 83 202 266 113 117 243 3
2186 13 158 35 87 368 148 82 204 268 113 116 243 3
2187 15 158 34 88 370 147 81 204 268 114 117 243 3
2188 17 158 31 87 368 148 82 203 269 115 114 239 3
2189 28 157 17 80 367 150 84 201 275 114 109 240 3
2190 368 150 83 201 276 116 107 238 2
2191 369 150 84 201 281 115 100 239 2
2192 367 151 85 198 283 114 96 240 2
2193 367 157 84 199 283 115 94 239 2
2194 367 159 82 195 283 114 94 241 2
2195 367 158 80 197 283 111 94 244 2
2196 365 157 81 197 282 110 95 247 2
2197 363 145 84 211 281 108 94 251 2
2198 364 159 82 195 288 107 86 253 2
2199 361 157 84 199 286 106 87 256 2
2200 358 155 87 204 287 106 87 255 2
2201 357 156 88 201 283 106 91 257 2
2202 357 157 87 199 281 106 93 257 2
2203 358 156 84 200 282 105 92 258 2
2204 360 155 82 203 281 106 94 257 2
2205 360 154 83 205 279 106 96 257 2
2206 358 155 85 202 280 105 95 258 2
2207 359 155 85 204 282 106 94 257 2
2208 357 156 89 200 282 107 93 256 2
2209 357 156 90 202 284 107 92 255 2
2210 358 156 90 201 278 107 99 256 2
2211 359 153 88 205 279 106 98 258 2
2212 362 145 86 210 279 105 97 258 2
2213 363 144 85 212 281 104 94 260 2
2214 366 153 79 208 283 105 92 258 2
2215 367 153 78 206 284 106 92 256 2
2216 365 152 81 210 280 106 97 254 2
2217 367 149 79 215 283 107 94 252 2
2218 368 151 77 212 282 106 95 253 2
2219 368 151 74 214 280 106 98 255 2
2220 369 151 70 211 282 106 96 255 2
2221 367 153 69 209 281 106 96 257 2
2222 366 153 69 208 278 107 99 254 2
2223 366 150 64 214 277 107 100 254 2
2224 352 158 73 200 278 107 99 253 2
2225 365 148 63 215 278 109 99 252 2
2226 355 158 68 198 280 110 97 249 2
2227 354 157 66 199 282 109 95 250 2
2228 356 156 61 202 283 108 93 252 2
2229 358 156 54 202 277 109 101 249 2
2230 358 156 49 203 279 109 99 251 2
2231 354 155 49 205 282 108 96 253 2
2232 360 170 39 182 281 109 95 251 2
2233 361 171 36 181 281 110 96 247 2
2234 361 169 34 185 281 111 96 245 2
2235 360 155 33 183 283 112 94 243 2
2236 283 114 95 239 1
2237 284 113 93 241 1
2238 287 111 90 246 1
2239 285 111 91 245 1
2240 286 111 87 246 1
2241 286 111 85 246 1
2242 286 111 82 245 1
2243 286 112 80 242 1
2244 288 113 76 242 1
2245 290 110 72 248 1
2246 290 108 67 253 1
2247 290 106 64 256 1
2248 280 103 70 261 1
2249 282 103 65 260 1
2250 282 107 64 252 1
2251 282 107 61 255 1
2252 284 104 56 262 1
2253 285 102 52 268 1
2254 284 103 51 266 1
2255 282 106 49 265 1
2256 283 112 46 256 1
2257 291 125 33 177 1
2258 290 103 30 190 1
2259 291 104 27 187 1
2260 0
2261 0
2262 0
2263 0
2264 0
2265 0
2266 0
2267 0
2268 0
2269 0
2270 0
2271 0
2272 0
2273 0
2274 0
2275 0
2276 0
2277 0
2278 282 122 31 187 1
2279 278 103 40 235 1
2280 278 114 40 244 1
2281 277 117 43 238 1
2282 279 115 44 241 1
2283 287 105 35 186 1
2284 290 106 35 186 1
2285 283 101 46 236 1
2286 286 100 48 232 1
2287 287 98 48 234 1
2288 287 97 50 239 1
2289 287 96 54 246 1
2290 287 94 55 251 1
2291 286 95 59 252 1
2292 283 94 64 255 1
2293 281 96 69 251 1
2294 280 98 73 273 1
2295 285 105 74 233 1
2296 281 108 82 253 1
2297 280 112 85 244 1
2298 0 6 155 352 279 115 88 239 2
2299 0 7 239 348 278 113 90 245 2
2300 1 13 255 337 278 116 90 240 2
2301 4 5 265 357 278 114 90 248 2
2302 4 12 309 342 276 114 93 247 2
2303 9 11 303 347 278 113 90 248 2
2304 266 111 99 255 2 2 323 353 2
2305 263 119 104 241 0 8 336 353 2
2306 263 117 105 246 0 18 342 340 2
2307 280 120 88 237 3 23 341 337 2
2308 280 107 91 266 19 41 329 317 2
2309 358 161 39 154 283 108 85 262 60 45 293 307 3
2310 351 151 51 189 285 106 84 267 89 55 274 306 3
2311 355 145 49 204 129 51 245 312 2
2312 360 144 48 206 137 47 244 301 2
2313 363 139 49 219 156 56 230 304 2
2314 363 139 53 217 169 55 229 305 2
2315 176 57 225 303 1
2316 189 55 224 284 1
2317 200 60 211 299 1
2318 211 68 202 291 1
2319 217 73 202 289 1
2320 220 79 205 280 1
2321 305 114 34 27 230 80 201 278 2
2322 306 114 35 29 243 76 189 282 2
2323 303 113 40 38 259 80 181 278 2
2324 302 110 43 46 269 86 171 269 2
2325 302 109 46 51 280 85 159 271 2
2326 290 86 153 271 1
2327 275 100 72 271 294 82 153 278 2
2328 277 108 66 219 298 81 151 273 2
2329 275 109 70 174 305 82 149 269 2
2330 269 101 81 270 314 81 140 270 2
2331 271 99 80 274 318 84 136 269 2
2332 270 97 85 280 322 84 133 272 2
2333 339 84 114 276 271 108 87 252 2
2334 269 110 92 246 345 76 108 292 2
2335 268 109 95 249 349 83 101 283 2
2336 350 134 62 213 267 107 96 254 357 86 95 275 3
2337 348 134 64 219 359 91 92 264 267 108 96 250 3
2338 350 140 65 212 366 105 87 233 267 109 96 250 3
2339 358 124 93 232 268 110 95 250 2
2340 351 159 67 196 362 128 88 227 268 110 96 250 3
2341 351 150 66 199 397 107 56 258 268 110 96 251 3
2342 348 152 72 195 397 110 55 253 267 110 98 251 3
2343 399 106 54 259 347 152 75 196 267 109 97 254 3
2344 404 97 48 241 347 150 82 200 268 110 95 249 3
2345 405 120 48 233 343 154 88 192 268 110 93 250 3
2346 345 158 82 198 270 110 90 247 2
2347 404 95 49 249 346 163 80 191 272 108 87 249 3
2348 405 101 48 241 346 159 80 197 272 108 87 250 3
2349 404 105 48 232 344 158 81 200 273 109 85 249 3
2350 403 107 47 229 340 150 85 198 273 105 85 256 3
2351 404 103 47 238 340 148 85 202 274 105 84 255 3
2352 403 98 49 245 339 149 84 200 276 103 82 260 3
2353 403 99 49 247 340 148 82 201 274 105 85 258 3
2354 409 111 42 156 339 147 82 205 274 107 85 255 3
2355 405 100 48 242 339 146 81 206 274 108 85 253 3
2356 403 99 48 245 340 148 81 202 287 109 71 252 3
2357 405 98 48 248 340 149 83 201 287 112 72 248 3
2358 404 101 50 242 341 148 82 203 285 113 78 245 3
2359 406 102 49 239 344 149 80 200 281 116 84 239 3
2360 406 104 50 234 346 152 78 212 280 115 86 241 3
2361 407 110 49 218 346 154 83 189 279 114 89 242 3
2362 407 112 48 213 347 154 82 190 280 114 88 243 3
2363 407 111 47 216 348 153 81 194 281 112 88 248 3
2364 409 112 45 213 350 157 78 202 280 113 90 246 3
2365 411 111 44 213 358 147 77 203 277 114 93 242 3
2366 412 112 43 215 358 146 79 205 277 112 94 245 3
2367 412 114 43 214 358 146 81 205 276 113 96 243 3
2368 413 114 42 215 359 143 81 210 278 114 94 239 3
2369 417 121 36 195 360 142 80 214 279 115 92 237 3
2370 420 137 31 201 409 118 40 97 361 141 79 215 282 115 91 236 4
2371 404 115 43 103 361 140 80 217 283 115 90 236 3
2372 358 139 87 220 282 115 91 237 2
2373 358 141 87 217 281 116 91 236 2
2374 359 138 86 221 281 116 91 236 2
2375 360 138 83 221 281 117 91 235 2
2376 360 138 85 221 281 116 91 235 2
2377 359 137 87 224 281 115 90 239 2
2378 359 138 85 220 281 116 89 236 2
2379 359 137 87 220 282 115 88 238 2
2380 359 137 86 220 282 115 87 240 2
2381 358 139 89 217 282 114 87 241 2
2382 355 152 89 210 282 112 86 247 2
2383 402 120 45 94 355 152 87 210 282 112 84 245 3
2384 402 117 47 103 358 142 83 214 282 111 83 246 3
2385 403 117 47 109 358 141 84 217 282 108 82 252 3
2386 403 116 47 114 358 141 85 216 282 109 81 251 3
2387 404 116 47 115 357 143 88 210 283 110 79 251 3
2388 403 118 49 240 357 145 87 207 284 110 79 248 3
2389 404 117 47 242 356 144 87 208 284 110 78 250 3
2390 403 116 45 112 404 119 46 241 357 142 86 214 284 110 78 250 4
2391 404 116 45 112 403 118 46 240 357 143 85 211 284 111 78 250 4
2392 403 117 46 243 360 143 82 210 284 110 78 250 3
2393 402 116 45 111 403 114 45 248 360 143 81 210 284 112 79 247 4
2394 403 118 45 243 402 116 46 111 361 143 79 210 283 111 79 247 4
2395 402 121 46 238 401 117 46 109 360 145 81 207 284 110 79 249 4
2396 400 120 47 106 359 145 81 207 284 110 79 249 3
2397 399 120 48 105 359 145 82 208 284 109 78 251 3
2398 359 143 82 211 283 109 79 251 2
2399 357 143 84 211 283 110 80 247 2
2400 359 141 81 213 283 111 80 246 2
2401 387 118 53 100 358 141 83 215 283 111 80 247 3
2402 386 118 52 98 357 142 81 214 282 111 81 246 3
2403 384 118 50 93 359 143 76 212 282 110 81 248 3
2404 381 119 50 88 359 142 76 215 282 111 81 247 3
2405 381 119 48 88 359 144 74 210 282 112 81 245 3
2406 380 119 48 90 349 147 77 204 282 112 82 246 3
2407 379 119 47 90 351 144 74 210 282 111 82 247 3
2408 351 144 70 210 282 112 83 246 2
2409 351 143 66 213 282 111 82 249 2
2410 353 141 62 215 282 111 82 248 2
2411 354 142 58 214 282 110 83 249 2
2412 355 141 51 216 283 109 82 252 2
2413 355 143 48 212 283 108 81 253 2
2414 354 153 49 208 283 108 83 254 2
2415 353 152 47 213 283 108 82 255 2
2416 359 171 37 186 283 109 85 252 2
2417 362 164 32 160 282 109 87 251 2
2418 360 175 31 177 282 110 88 248 2
2419 282 111 90 245 1
2420 282 112 90 243 1
2421 282 103 87 241 1
2422 283 113 86 240 1
2423 283 114 86 239 1
2424 283 113 85 241 1
2425 284 113 83 242 1
2426 284 114 79 240 1
2427 285 114 75 240 1
2428 278 92 75 262 1
2429 279 111 75 244 1
2430 280 109 72 248 1
2431 281 109 66 248 1
2432 282 107 64 252 1
2433 280 86 62 270 1
2434 281 108 61 251 1
2435 281 108 59 252 1
2436 281 111 57 249 1
2437 280 110 55 252 1
2438 279 111 53 251 1
2439 279 113 50 246 1
2440 279 115 45 244 1
2441 280 114 43 246 1
2442 0
2443 0
2444 0
2445 0
2446 0
2447 0
2448 0
2449 0
2450 0
2451 0
2452 0
2453 0
2454 0
2455 0
2456 0
2457 0
2458 0
2459 0
2460 0
2461 0
2462 290 111 23 205 1
2463 289 112 26 209 1
2464 280 99 39 244 1
2465 279 100 40 241 1
2466 277 116 43 240 1
2467 276 108 48 251 1
2468 0
2469 0
2470 0
2471 0
2472 0
2473 0
2474 0
2475 0
2476 0
2477 0
2478 0
2479 0
2480 0
2481 0
2482 0
2483 0
2484 0
2485 0
2486 0
2487 0
2488 0
2489 0
2490 0
2491 0
2492 0
2493 0
2494 0
2495 0
2496 0
2497 0
2498 0
2499 0
2500 0
2501 0
2502 0
2503 0
2504 378 0 263 355 1
2505 378 0 264 356 1
2506 377 0 265 356 1
2507 377 0 266 357 1
2508 377 0 266 357 1
2509 377 0 266 355 1
2510 377 0 265 354 1
2511 377 0 265 355 1
2512 378 0 264 355 1
2513 377 1 265 354 1
2514 380 0 261 355 1
2515 381 1 260 355 1
2516 382 1 259 355 1
2517 383 2 258 354 1
